                  m/s    deg       degC   nmi     ucomp      vcomp  stress  positive_stress  negative_stress
time                                                                                                        
2025-01-01   3.545833  999.0   6.966667  99.0 -2.195296   1.324274   0.011            0.011            0.000
2025-01-02   4.683333  999.0   9.775000  99.0 -0.978251   2.174303   0.025            0.025            0.000
2025-01-03   6.637500  999.0  10.229167  99.0 -0.717456   3.862621   0.061            0.061            0.000
2025-01-04   7.295833  999.0   9.204167  99.0  1.036216   6.668311   0.078            0.078            0.000
2025-01-05   8.612500  999.0  10.808333  99.0  1.865009   8.271793   0.155            0.155            0.000
2025-01-06   3.629167  999.0  10.620833  99.0 -2.945803   0.000594   0.001            0.001            0.000
2025-01-07   4.045833  999.0   8.920833  99.0 -3.930958  -0.055966  -0.000            0.000            0.000
2025-01-08   3.879167  999.0   8.829167  99.0 -3.208115  -0.843947  -0.003            0.000           -0.003
2025-01-09   4.641667  999.0  10.550000  99.0 -4.334071  -0.968591  -0.002            0.000           -0.002
2025-01-10   4.970833  999.0   9.662500  99.0 -0.037589  -1.812652  -0.018            0.000           -0.018
2025-01-11   6.941667  999.0   8.891667  99.0  3.311569  -5.886738  -0.054            0.000           -0.054
2025-01-12   2.120833  999.0   7.016667  99.0 -0.458031  -1.283069  -0.007            0.000           -0.007
2025-01-13   3.279167  999.0   5.800000  99.0 -1.938231  -1.575373  -0.007            0.000           -0.007
2025-01-14   4.054167  999.0   5.937500  99.0 -2.965697  -1.899818  -0.008            0.000           -0.008
2025-01-15   4.825000  999.0   7.433333  99.0 -3.663027  -2.236797  -0.010            0.000           -0.010
2025-01-16   3.537500  999.0   5.929167  99.0 -1.782362  -1.794854  -0.011            0.000           -0.011
2025-01-17   2.954167  999.0   4.512500  99.0 -1.819416  -1.578632  -0.008            0.000           -0.008
2025-01-18   3.641667  999.0   4.204167  99.0 -2.696088  -1.552871  -0.007            0.000           -0.007
2025-01-19   3.591667  999.0   3.920833  99.0 -2.260592  -1.681901  -0.008            0.000           -0.008
2025-01-20   4.470833  999.0   5.562500  99.0 -3.871233  -0.777470  -0.004            0.000           -0.004
2025-01-21   3.125000  999.0   4.054167  99.0 -2.541978  -1.085465  -0.002            0.000           -0.002
2025-01-22   4.491667  999.0   5.900000  99.0 -3.295643  -1.643102  -0.007            0.000           -0.007
2025-01-23   4.266667  999.0   7.404167  99.0 -2.592749  -2.399464  -0.012            0.000           -0.012
2025-01-24   5.379167  999.0   7.079167  99.0 -0.462437  -4.891609  -0.050            0.000           -0.050
2025-01-25   2.841667  999.0   4.916667  99.0 -1.985360  -1.409690  -0.008            0.000           -0.008
2025-01-26   3.804167  999.0   5.850000  99.0 -2.425971  -2.267283  -0.009            0.000           -0.009
2025-01-27   3.783333  999.0   6.550000  99.0 -2.625691  -1.700735  -0.007            0.000           -0.007
2025-01-28   4.341667  999.0   7.004167  99.0 -2.463920  -2.208176  -0.013            0.000           -0.013
2025-01-29   2.237500  999.0   4.754167  99.0 -0.857128  -1.168589  -0.004            0.000           -0.004
2025-01-30   2.862500  999.0   6.487500  99.0 -0.550223   1.424187   0.013            0.013            0.000
2025-01-31  11.441667  999.0   9.395833  99.0  1.856533  11.031573   0.212            0.212            0.000
2025-02-01   6.104167  999.0   7.870833  99.0  5.205876   0.724685   0.005            0.005            0.000
2025-02-02   3.733333  999.0   5.341667  99.0  2.648640   0.149161   0.001            0.001            0.000
2025-02-03   3.470833  999.0   3.362500  99.0  0.702222   1.372516   0.005            0.005            0.000
2025-02-04   2.312500  999.0   2.079167  99.0 -1.555570   0.488328   0.001            0.001            0.000
2025-02-05   5.529167  999.0   3.387500  99.0  0.817970   3.592641   0.039            0.039            0.000
2025-02-06   4.820833  999.0   4.254167  99.0 -1.060613   0.772959   0.009            0.009            0.000
2025-02-07   2.354167  999.0   2.920833  99.0 -1.245080   0.322761   0.003            0.003            0.000
2025-02-08   3.387500  999.0   5.045833  99.0 -0.651165   2.390477   0.016            0.016            0.000
2025-02-09   2.091667  999.0   4.879167  99.0 -0.421753  -1.189436  -0.006            0.000           -0.006
2025-02-10   3.058333  999.0   2.904167  99.0 -1.269972  -1.831117  -0.010            0.000           -0.010
2025-02-11   3.904167  999.0   2.025000  99.0 -2.728096  -1.569353  -0.008            0.000           -0.008
2025-02-12   4.966667  999.0   1.762500  99.0 -4.838369  -0.836221  -0.002            0.000           -0.002
2025-02-13   7.891667  999.0   2.687500  99.0 -7.763016  -1.220549  -0.003            0.000           -0.003
2025-02-14   5.195833  999.0   4.550000  99.0 -2.248717  -1.689423  -0.014            0.000           -0.014
2025-02-15   3.235417  999.0   5.862500  99.0 -1.600102   0.779472   0.009            0.009            0.000
2025-02-16   9.750000  999.0   9.095833  99.0  1.321036   9.488673   0.142            0.142            0.000
2025-02-17   7.677083  999.0   9.029167  99.0  4.197798   6.271953   0.059            0.059            0.000
2025-02-18   3.266667  999.0   8.637500  99.0 -0.240659   2.408986   0.012            0.012            0.000
2025-02-19   5.158333  999.0   9.537500  99.0  0.153782   3.371663   0.034            0.034            0.000
2025-02-20   2.968750  999.0   8.533333  99.0  1.673910   1.610507   0.006            0.006            0.000
2025-02-21   3.106250  999.0   9.095833  99.0 -1.976718   0.477738   0.005            0.005            0.000
2025-02-22   5.206250  999.0  10.458333  99.0  0.434022   5.191115   0.047            0.047            0.000
2025-02-23  14.570833  999.0  10.754167  99.0  3.042015  14.222613   0.358            0.358            0.000
2025-02-24   8.033333  999.0  10.637500  99.0 -0.210779   6.543895   0.145            0.145            0.000
2025-02-25  12.558333  999.0  10.300000  99.0  5.936619  10.900259   0.252            0.252            0.000
2025-02-26   3.566667  999.0  10.150000  99.0 -2.867249  -0.362951  -0.000            0.000            0.000
2025-02-27   2.864583  999.0   9.691667  99.0 -1.437923  -0.054941   0.001            0.001            0.000
2025-02-28   2.643750  999.0   7.683333  99.0  0.645859  -2.381966  -0.014            0.000           -0.014
2025-03-01   3.725000    NaN   8.191667   NaN  1.033321   2.314015   0.019            0.019            0.000
2025-03-02   6.108333    NaN   9.308333   NaN  2.535786   5.218774   0.045            0.045            0.000
2025-03-03   2.358333    NaN   8.266667   NaN  1.333047   0.411308   0.001            0.001            0.000
2025-03-04   4.337500    NaN   8.104167   NaN  0.460469   2.801179   0.030            0.030            0.000
2025-03-05   3.866667    NaN   7.841667   NaN -0.334786   0.018600  -0.003            0.000           -0.003
2025-03-06   5.112500    NaN   6.975000   NaN -0.320259  -4.414091  -0.045            0.000           -0.045
2025-03-07   3.862500    NaN   7.987500   NaN  0.439986  -2.692053  -0.025            0.000           -0.025
2025-03-08   3.500000    NaN   8.358333   NaN -0.265023   2.803898   0.022            0.022            0.000
2025-03-09   7.020833    NaN  10.100000   NaN  0.343327   6.845942   0.086            0.086            0.000
2025-03-10   4.633333    NaN   7.433333   NaN  0.027089   0.157940   0.019            0.019            0.000
2025-03-11   3.129167    NaN   6.704167   NaN -0.243400  -0.085802   0.002            0.002            0.000
2025-03-12   5.887500    NaN   8.458333   NaN  0.150927   5.646836   0.057            0.057            0.000
2025-03-13   5.254167    NaN   7.529167   NaN  4.071195  -0.425621  -0.006            0.000           -0.006
2025-03-14   5.675000    NaN   6.033333   NaN -2.024572   3.134052   0.035            0.035            0.000
2025-03-15  10.925000    NaN   9.141667   NaN  7.642758   7.216552   0.084            0.084            0.000
2025-03-16   4.933333    NaN   8.179167   NaN  1.269160   1.521655   0.039            0.039            0.000
2025-03-17   2.312500    NaN   6.383333   NaN -0.258687   0.091987   0.000            0.000            0.000
2025-03-18   3.808333    NaN   7.545833   NaN  1.583324   1.118412   0.012            0.012            0.000
2025-03-19   4.787500    NaN   8.975000   NaN -1.748769   3.579140   0.028            0.028            0.000
2025-03-20  10.895833    NaN   8.550000   NaN  3.946957   9.902769   0.161            0.161            0.000
2025-03-21  11.716667    NaN   9.158333   NaN  3.170321  10.846257   0.221            0.221            0.000
2025-03-22   3.720833    NaN   8.833333   NaN  2.361231   0.766958   0.004            0.004            0.000
2025-03-23   7.716667    NaN  10.062500   NaN  2.221277   7.212952   0.088            0.088            0.000
2025-03-24   3.508333    NaN  11.908333   NaN  1.037455   3.347115   0.033            0.033            0.000
2025-03-25   2.958333    NaN  11.516667   NaN  0.459711  -2.597918  -0.018            0.000           -0.018
2025-03-26   4.612500    NaN  12.262500   NaN  0.496942   1.219478   0.018            0.018            0.000
2025-03-27   8.820833    NaN  11.558333   NaN -0.434450   8.616133   0.119            0.119            0.000
2025-03-28  13.083333    NaN  10.129167   NaN  4.091009  12.242544   0.252            0.252            0.000
2025-03-29   5.204167    NaN   8.604167   NaN  1.359245   4.316672   0.039            0.039            0.000
2025-03-30   3.325000    NaN   8.925000   NaN -1.971758  -0.410148  -0.001            0.000           -0.001
2025-03-31   7.020833    NaN   8.045833   NaN  0.340441   6.754006   0.078            0.078            0.000
2025-04-01   4.570833    NaN   7.745833   NaN -0.562022  -1.148089  -0.007            0.000           -0.007
2025-04-02   4.079167    NaN   8.466667   NaN  2.409986  -2.781921  -0.016            0.000           -0.016
2025-04-03   2.962500    NaN   7.629167   NaN  0.776122  -1.190062  -0.005            0.000           -0.005
2025-04-04   4.683333    NaN   9.025000   NaN -1.581372  -2.589895  -0.020            0.000           -0.020
2025-04-05   3.166667    NaN  10.687500   NaN -0.834245   0.184263  -0.000            0.000            0.000
2025-04-06   4.400000    NaN  12.650000   NaN  1.243912   4.204576   0.027            0.027            0.000