                  wdir        m/s       degC     ucomp      vcomp  stress  positive_stress  negative_stress
time                                                                                                       
2023-01-01  114.333333   2.795833   5.608333 -1.884153  -1.054486  -0.004            0.000           -0.004
2023-01-02   89.833333   4.908333   5.695833 -4.682992  -0.056308   0.002            0.002            0.000
2023-01-03  154.250000   5.466667   8.337500  0.793444   3.529743   0.039            0.039            0.000
2023-01-04   89.041667   5.795833   7.212500 -5.722138  -0.292268  -0.001            0.000           -0.001
2023-01-05  128.708333   8.158333  10.816667 -3.517687   4.786186   0.097            0.097            0.000
2023-01-06  154.125000   7.229167  11.216667 -1.490027   6.076800   0.074            0.074            0.000
2023-01-07  133.875000   4.079167   9.250000 -1.040648   2.529094   0.026            0.026            0.000
2023-01-08  136.750000   7.191667   9.891667 -1.048121   5.033418   0.109            0.109            0.000
2023-01-09  144.416667  10.033333  10.095833 -2.354894   7.288727   0.164            0.164            0.000
2023-01-10  107.375000   5.670833   9.291667 -4.403168   1.338142   0.015            0.015            0.000
2023-01-11  124.416667   5.804167   9.270833 -3.421065   3.277346   0.037            0.037            0.000
2023-01-12  134.500000   5.958333  13.287500 -3.779675   4.123159   0.031            0.031            0.000
2023-01-13  155.958333   3.395833  12.075000 -0.459193   2.835184   0.021            0.021            0.000
2023-01-14  113.458333   4.420833  10.637500 -3.809549   1.186058   0.004            0.004            0.000
2023-01-15  176.208333   8.783333   8.775000  1.268043   7.346781   0.107            0.107            0.000
2023-01-16  168.750000   3.795833   7.375000  0.985149   2.458778   0.018            0.018            0.000
2023-01-17  182.375000   3.525000   7.625000  0.661627   2.750241   0.015            0.015            0.000
2023-01-18  166.375000   5.350000   7.641667 -0.744389   4.533166   0.050            0.050            0.000
2023-01-19  112.708333   2.200000   4.787500 -1.693548   0.149310   0.000            0.000            0.000
2023-01-20   92.541667   3.787500   5.062500 -3.517948  -0.852207  -0.002            0.000           -0.002
2023-01-21  126.666667   4.662500   5.183333 -1.404019  -0.075286   0.007            0.007            0.000
2023-01-22  217.958333   4.270833   7.820833  2.181324  -2.030978  -0.010            0.000           -0.010
2023-01-23  129.875000   2.870833   5.020833 -1.665723  -1.193713  -0.005            0.000           -0.005
2023-01-24  126.333333   3.583333   5.300000 -1.652101  -2.027346  -0.014            0.000           -0.014
2023-01-25  128.416667   2.820833   5.608333 -0.981680  -2.018241  -0.011            0.000           -0.011
2023-01-26  125.583333   3.145833   5.908333 -0.929019  -2.315093  -0.013            0.000           -0.013
2023-01-27  212.750000   4.304167   7.529167  1.702645  -2.370726  -0.018            0.000           -0.018
2023-01-28  287.875000   4.112500   7.629167  2.786282  -2.202467  -0.013            0.000           -0.013
2023-01-29   97.041667   4.354167   4.025000 -3.225093  -1.670095  -0.007            0.000           -0.007
2023-01-30   82.583333   4.041667   1.191667 -2.717055  -2.277312  -0.012            0.000           -0.012
2023-01-31   99.250000   3.408333   3.400000 -2.206849  -1.329886  -0.005            0.000           -0.005
2023-02-01  100.625000   2.441667   4.133333 -1.620299  -0.293755  -0.001            0.000           -0.001
2023-02-02  115.916667   3.754167   7.129167 -2.275337   1.481097   0.011            0.011            0.000
2023-02-03  145.625000   8.175000  10.283333 -0.969382   6.133386   0.126            0.126            0.000
2023-02-04  152.000000   5.645833  10.870833 -1.017757   4.809836   0.054            0.054            0.000
2023-02-05  194.958333   5.175000   9.616667  2.132490  -0.113100  -0.001            0.000           -0.001
2023-02-06  219.458333   5.616667   8.145833  2.180097   1.196986   0.012            0.012            0.000
2023-02-07  180.375000   6.308333   8.558333  0.778650   5.394455   0.068            0.068            0.000
2023-02-08  174.166667   3.237500   7.858333  1.113364  -0.342559  -0.000            0.000            0.000
2023-02-09  112.083333   4.358333   8.154167 -2.704256   0.891016   0.014            0.014            0.000
2023-02-10  185.739130   6.039130   9.378261  0.567471   3.582976   0.056            0.056            0.000
2023-02-11  177.125000   7.295833   7.758333 -0.106260  -6.946206  -0.087            0.000           -0.087
2023-02-12  136.708333   3.504167   5.716667 -1.362931  -1.860389  -0.016            0.000           -0.016
2023-02-13  278.500000   6.337500   8.095833  5.161114  -2.279585  -0.014            0.000           -0.014
2023-02-14  227.416667   7.895833   5.425000  4.558954  -4.758741  -0.058            0.000           -0.058
2023-02-15  155.333333   3.316667   2.954167 -1.357105  -1.206444  -0.012            0.000           -0.012
2023-02-16  120.833333   3.966667   5.020833 -2.889665  -0.099153   0.000            0.000            0.000
2023-02-17  125.583333   2.716667   7.100000 -1.309488   0.061460   0.003            0.003            0.000
2023-02-18  117.708333   1.979167   7.312500  0.137273   0.006012   0.001            0.001            0.000
2023-02-19  117.958333   2.341667   7.295833 -0.121827  -1.549529  -0.012            0.000           -0.012
2023-02-20  246.541667   3.375000   8.120833  1.708403   1.583113   0.012            0.012            0.000
2023-02-21  278.500000   9.179167   7.429167  6.611206  -2.264771  -0.027            0.000           -0.027
2023-02-22  316.125000  10.150000  46.770833  6.741643  -7.188965  -0.080            0.000           -0.080
2023-02-23  201.416667   4.187500   1.958333  1.588144  -0.368281  -0.004            0.000           -0.004
2023-02-24   79.750000   6.720833  -0.366667 -6.450737  -1.367072  -0.005            0.000           -0.005
2023-02-25  102.375000   3.825000   1.345833 -2.896253  -1.317933  -0.003            0.000           -0.003
2023-02-26  242.625000   7.600000   5.416667  4.414421   2.608923   0.061            0.061            0.000
2023-02-27  151.625000   5.262500   3.625000 -1.195095   3.856852   0.031            0.031            0.000
2023-02-28  225.125000   6.179167   4.308333  3.450205   1.461060   0.008            0.008            0.000
2023-03-01  128.833333   2.979167   2.375000 -0.799567  -1.033777  -0.008            0.000           -0.008
2023-03-02  211.416667   6.504167   6.458333  1.823077   4.262108   0.070            0.070            0.000
2023-03-03  240.916667   6.566667   6.575000  3.646285   2.222192   0.031            0.031            0.000
2023-03-04  175.125000   7.287500   4.770833  0.201461   6.338455   0.065            0.065            0.000
2023-03-05  131.166667   4.125000   3.154167 -0.799925   1.751202   0.014            0.014            0.000
2023-03-06  155.875000   5.387500   4.387500 -1.131616   4.817861   0.046            0.046            0.000
2023-03-07  129.833333   3.104167   4.329167 -1.345449   1.854589   0.013            0.013            0.000
2023-03-08  128.875000   3.679167   3.216667 -1.447599   2.094943   0.016            0.016            0.000
2023-03-09  130.791667   5.183333   5.275000 -3.521246   3.300547   0.021            0.021            0.000
2023-03-10  168.958333   5.962500   4.600000  0.272439   3.480958   0.030            0.030            0.000
2023-03-11  183.291667   3.670833   7.095833  1.270420   1.671830   0.006            0.006            0.000
2023-03-12  128.666667   4.562500   6.908333 -2.174642   2.190648   0.029            0.029            0.000
2023-03-13  228.000000   7.325000   7.925000  1.832785   4.765965   0.067            0.067            0.000
2023-03-14  155.333333   4.795833   4.687500 -1.236392   0.915895   0.011            0.011            0.000
2023-03-15  237.833333   3.945833   6.991667  1.863610  -1.919416  -0.015            0.000           -0.015
2023-03-16  151.333333   4.237500   5.804167 -0.781879  -3.272424  -0.026            0.000           -0.026
2023-03-17  146.458333   3.616667   7.158333 -0.590209  -0.053760  -0.004            0.000           -0.004
2023-03-18  150.500000   2.029167   7.000000 -1.134524  -0.211531  -0.000            0.000            0.000
2023-03-19  153.208333   1.941667   9.454167 -0.928355  -0.088231   0.001            0.001            0.000
2023-03-20  198.541667   7.441667   8.354167  2.321845   6.752845   0.070            0.070            0.000
2023-03-21  144.458333   4.479167   5.766667 -1.055250  -1.819672  -0.018            0.000           -0.018
2023-03-22  196.083333   3.912500   7.616667  0.068294  -2.816034  -0.030            0.000           -0.030
2023-03-23  240.041667   7.091667   7.495833  5.199958   3.347805   0.038            0.038            0.000
2023-03-24  277.000000   6.912500   6.187500  6.072608  -0.673095  -0.006            0.000           -0.006
2023-03-25  258.375000   5.425000   5.383333  3.739547  -2.193099  -0.015            0.000           -0.015
2023-03-26  180.166667   3.300000   4.458333  0.506489   1.215410   0.008            0.008            0.000
2023-03-27  118.708333   3.554167   4.804167 -2.473604   0.613629   0.003            0.003            0.000
2023-03-28  126.458333   3.795833   6.404167 -3.035011   0.434232   0.001            0.001            0.000
2023-03-29  165.500000   3.675000   6.654167 -1.432169  -1.222993  -0.007            0.000           -0.007
2023-03-30  163.666667   2.558333   6.979167  0.374891   0.587141   0.002            0.002            0.000
2023-03-31  203.333333   8.416667   7.950000  3.215545   7.406163   0.097            0.097            0.000
2023-04-01  242.041667   8.316667   7.891667  5.304714   4.620189   0.110            0.110            0.000
2023-04-02  251.666667   6.587500   6.800000  5.674545   1.947934   0.012            0.012            0.000
2023-04-03  179.958333   3.637500   4.166667  1.110244  -1.001017  -0.007            0.000           -0.007
2023-04-04  257.000000   4.508333   6.491667  2.810920  -1.633443  -0.014            0.000           -0.014
2023-04-05  141.833333   3.541667   5.479167 -1.049316   1.820322   0.017            0.017            0.000
2023-04-06  143.125000   4.458333   9.650000 -2.008142   3.709589   0.026            0.026            0.000
2023-04-07  234.666667   6.504167   9.495833  1.985244   4.200938   0.071            0.071            0.000
2023-04-08  179.208333   7.529167   9.395833  0.264177   7.305231   0.089            0.089            0.000
2023-04-09  187.083333   9.104167  10.483333  1.207918   8.986161   0.126            0.126            0.000
2023-04-10  266.875000   5.487500   8.654167  1.668227  -1.823707  -0.007            0.000           -0.007
2023-04-11  206.333333   4.404167   6.458333  2.064436   1.889184   0.009            0.009            0.000
2023-04-12  206.250000   4.979167   5.841667  2.154760   2.063207   0.017            0.017            0.000
2023-04-13  167.500000   3.079167   5.566667 -0.144374  -0.959914  -0.004            0.000           -0.004
2023-04-14  178.583333   2.312500   7.125000  0.200860  -0.147668   0.000            0.000            0.000
2023-04-15  163.333333   2.900000   8.075000  0.525508   1.842435   0.013            0.013            0.000
2023-04-16  188.000000   6.770833   8.808333  1.643068   5.825978   0.061            0.061            0.000
2023-04-17  178.041667   6.641667   7.287500  0.910515   5.500933   0.054            0.054            0.000
2023-04-18  208.521739   9.530435   6.739130  4.231178   7.455028   0.096            0.096            0.000
2023-04-19  210.954545   6.550000   6.777273  3.042629   4.418586   0.037            0.037            0.000
2023-04-20  139.750000   3.679167   6.520833 -1.604168   1.898173   0.009            0.009            0.000
2023-04-21  210.250000   5.791667   9.070833  2.141123   5.059399   0.075            0.075            0.000
2023-04-22  153.750000   1.466667  10.141667 -0.010226   0.765362   0.002            0.002            0.000
2023-04-23  237.208333   5.029167  10.154167  2.485470   2.687371   0.024            0.024            0.000
2023-04-24  259.208333   5.733333   9.341667  4.088871   1.984315   0.021            0.021            0.000
2023-04-25  188.958333   4.608333   7.770833 -0.229805  -3.747851  -0.037            0.000           -0.037
2023-04-26  208.750000   5.316667   9.412500  0.394200  -4.836792  -0.055            0.000           -0.055
2023-04-27  258.791667   6.670833   9.512500  1.004364  -6.418758  -0.078            0.000           -0.078
2023-04-28  170.750000   4.808333  12.154167 -0.095421  -2.111500  -0.023            0.000           -0.023
2023-04-29  200.125000   6.929167   9.933333  2.120282   6.452032   0.067            0.067            0.000
2023-04-30  195.208333   6.537500  10.145833  1.652697   6.241556   0.057            0.057            0.000
2023-05-01  253.291667   3.741667   9.987500  2.041995   1.342621   0.012            0.012            0.000
2023-05-02  301.833333   6.150000  10.233333  1.244886  -5.724332  -0.060            0.000           -0.060
2023-05-03  171.541667   1.375000   9.650000  0.236198  -0.005001   0.000            0.000            0.000
2023-05-04  213.416667   3.775000  10.166667  1.862574   3.169070   0.017            0.017            0.000
2023-05-05  197.416667   4.858333   9.991667  1.716324   4.297787   0.029            0.029            0.000
2023-05-06  151.083333   4.587500  10.425000 -0.134960   3.786633   0.039            0.039            0.000
2023-05-07  174.208333   4.504167   9.804167  0.944901   2.443878   0.016            0.016            0.000
2023-05-08  167.250000   3.766667  10.420833  1.691410   2.010272   0.014            0.014            0.000
2023-05-09  212.000000   3.512500  10.191667  0.739700  -1.428339  -0.019            0.000           -0.019
2023-05-10  175.291667   4.204167  10.470833  0.377210  -2.285916  -0.031            0.000           -0.031
2023-05-11  294.083333   2.900000  11.737500  1.851138  -1.950678  -0.010            0.000           -0.010
2023-05-12  211.791667   3.258333  12.108333  0.926580  -2.649666  -0.020            0.000           -0.020
2023-05-13  223.958333   4.037500  12.358333  0.668155  -3.526537  -0.029            0.000           -0.029
2023-05-14  130.500000   5.220833  23.691667 -3.394802  -2.037197  -0.015            0.000           -0.015
2023-05-15  170.250000   5.595833  16.645833 -0.049257   3.784160   0.033            0.033            0.000
2023-05-16  222.458333   3.687500  12.683333  1.477006   2.450436   0.016            0.016            0.000
2023-05-17  236.500000   4.200000  11.904167  0.838868  -3.733416  -0.027            0.000           -0.027
2023-05-18  247.708333   2.795833  12.341667  2.170355   0.668909  -0.001            0.000           -0.001
2023-05-19  224.833333   4.175000  12.687500  0.893448  -3.769599  -0.026            0.000           -0.026
2023-05-20  333.083333   6.354167  12.487500  1.255291  -6.175335  -0.055            0.000           -0.055
2023-05-21  328.916667   4.504167  11.558333  1.207970  -4.270181  -0.029            0.000           -0.029
2023-05-22  220.416667   2.983333  11.137500  0.568081  -2.702664  -0.017            0.000           -0.017
2023-05-23  190.000000   4.887500  11.175000  0.768207  -4.616244  -0.036            0.000           -0.036
2023-05-24  260.666667   4.483333  10.279167  0.866103  -4.217648  -0.037            0.000           -0.037
2023-05-25  214.875000   4.975000  10.429167  0.720277  -4.523575  -0.050            0.000           -0.050
2023-05-26  286.708333   4.654167  11.000000  1.296829  -4.115928  -0.030            0.000           -0.030
2023-05-27  292.458333   2.825000  10.895833  1.294812  -2.160809  -0.011            0.000           -0.011
2023-05-28  233.250000   6.616667  10.812500  0.980462  -6.433876  -0.065            0.000           -0.065
2023-05-29  210.041667   7.512500  10.450000  0.619497  -7.375245  -0.088            0.000           -0.088
2023-05-30  305.708333   6.933333  10.312500  1.181786  -6.756355  -0.069            0.000           -0.069
2023-05-31  251.833333   5.037500   9.770833  1.411865  -4.520968  -0.041            0.000           -0.041
2023-06-01  213.916667   4.466667  10.158333  0.555908  -4.019624  -0.032            0.000           -0.032
2023-06-02  251.291667   3.054167   9.966667  1.019999  -2.556657  -0.016            0.000           -0.016
2023-06-03  225.166667   2.191667  10.554167  0.623348  -1.721795  -0.009            0.000           -0.009
2023-06-04  266.083333  10.162500  11.216667  0.758259 -10.081855  -0.150            0.000           -0.150
2023-06-05  297.916667  11.708333   9.883333  1.376979 -11.502157  -0.230            0.000           -0.230
2023-06-06  256.208333   6.004167   9.533333  0.863999  -5.735323  -0.080            0.000           -0.080
2023-06-07  207.541667   5.083333  10.829167  1.117495   4.624335   0.042            0.042            0.000
2023-06-08  210.750000   2.741667  11.470833  0.843553   2.226015   0.012            0.012            0.000
2023-06-09  211.666667   1.308333  12.154167  0.367530  -0.087487  -0.000            0.000            0.000
2023-06-10  307.916667   4.395833  11.945833  0.810257  -3.917705  -0.034            0.000           -0.034
2023-06-11  320.916667   7.950000  11.475000  1.086968  -7.811545  -0.093            0.000           -0.093
2023-06-12  309.208333   4.987500  10.841667  1.335099  -4.468440  -0.038            0.000           -0.038
2023-06-13  281.250000   1.991667  11.466667  1.216289  -1.425814  -0.005            0.000           -0.005
2023-06-14  290.666667   2.770833  11.354167  0.925047  -2.251010  -0.011            0.000           -0.011
2023-06-15  263.625000   4.208333  10.908333  0.698470  -4.011731  -0.029            0.000           -0.029
2023-06-16  248.833333   4.670833  10.750000  0.632135  -4.259425  -0.039            0.000           -0.039
2023-06-17  327.041667   3.970833  10.812500  1.285081  -3.661461  -0.023            0.000           -0.023
2023-06-18  223.750000   3.429167  10.683333  1.623661   1.961238   0.011            0.011            0.000
2023-06-19  168.041667   2.895833  10.137500  0.307214   2.516723   0.014            0.014            0.000
2023-06-20  186.333333   4.575000  11.854167  0.658475   4.459876   0.030            0.030            0.000
2023-06-21  173.541667   3.395833  11.670833 -0.109019  -2.049308  -0.022            0.000           -0.022
2023-06-22  226.875000   5.862500  11.970833  0.896315  -5.647604  -0.070            0.000           -0.070
2023-06-23  276.916667   5.941667  10.791667  1.389512  -3.569242  -0.064            0.000           -0.064
2023-06-24  221.291667   3.120833  11.645833  0.676865  -2.363867  -0.018            0.000           -0.018
2023-06-25  273.416667   6.812500  11.129167  1.357071  -6.554200  -0.062            0.000           -0.062
2023-06-26  314.916667   4.970833  10.783333  1.295469  -4.718760  -0.034            0.000           -0.034
2023-06-27  275.458333   1.829167  11.562500  1.148297  -0.937790  -0.003            0.000           -0.003
2023-06-28  288.041667   2.750000  12.370833  0.859330  -2.308326  -0.010            0.000           -0.010
2023-06-29  314.791667   4.070833  11.250000  1.086821  -3.860874  -0.023            0.000           -0.023
2023-06-30  319.750000   7.054167  11.479167  1.315345  -6.908093  -0.076            0.000           -0.076
2023-07-01  288.416667   7.691667  11.050000  0.746403  -7.502605  -0.102            0.000           -0.102
2023-07-02  264.625000   9.612500  11.483333  1.025541  -9.513204  -0.135            0.000           -0.135
2023-07-03  239.916667   7.345833  10.816667  1.018362  -7.139193  -0.093            0.000           -0.093
2023-07-04  267.916667   4.908333  10.154167  1.310891  -4.463792  -0.037            0.000           -0.037
2023-07-05  267.791667   4.504167  11.533333  1.056446  -3.856331  -0.038            0.000           -0.038
2023-07-06  282.041667   1.912500  11.483333  1.093423  -0.940318  -0.004            0.000           -0.004
2023-07-07  217.125000   1.258333  12.604167  0.669335   0.393874   0.001            0.001            0.000
2023-07-08  196.250000   1.537500  13.100000  0.711742   0.962270   0.002            0.002            0.000
2023-07-09  185.041667   1.779167  13.279167  1.137345   0.462648   0.001            0.001            0.000
2023-07-10  229.166667   2.187500  14.008333  1.125982   1.475026   0.006            0.006            0.000
2023-07-11  221.416667   1.825000  14.533333  0.683689  -1.244108  -0.006            0.000           -0.006
2023-07-12  258.000000   2.716667  14.820833  1.228031  -2.269503  -0.010            0.000           -0.010
2023-07-13  231.875000   3.075000  14.045833  0.778886  -2.637297  -0.023            0.000           -0.023
2023-07-14  279.291667   5.404167  12.908333  1.028017  -5.241723  -0.057            0.000           -0.057
2023-07-15  294.291667   6.487500  12.016667  1.063012  -6.357685  -0.075            0.000           -0.075
2023-07-16  323.791667   5.204167  11.204167  1.327945  -4.845330  -0.045            0.000           -0.045
2023-07-17  207.958333   1.541667  13.550000  0.683786   0.067669  -0.000            0.000            0.000
2023-07-18  253.416667   5.666667  12.433333  0.985072  -5.453842  -0.059            0.000           -0.059
2023-07-19  276.208333   6.466667  11.954167  1.187801  -5.593917  -0.070            0.000           -0.070
2023-07-20  206.375000   2.479167  12.837500  1.082280   1.849498   0.006            0.006            0.000
2023-07-21  235.291667   2.329167  13.237500  0.902198  -1.934738  -0.015            0.000           -0.015
2023-07-22  248.416667   2.737500  12.637500  0.890051  -2.219452  -0.010            0.000           -0.010
2023-07-23  248.625000   2.662500  12.483333  1.082706  -2.182593  -0.009            0.000           -0.009
2023-07-24  176.333333   2.666667  15.333333  0.366747   2.184495   0.014            0.014            0.000
2023-07-25  212.541667   3.575000  14.658333  0.889415   1.380608   0.015            0.015            0.000
2023-07-26  233.416667   4.875000  14.241667  0.577766  -4.512452  -0.041            0.000           -0.041
2023-07-27  297.875000   4.920833  13.762500  1.313140  -4.570584  -0.032            0.000           -0.032
2023-07-28  244.833333   3.283333  13.958333  0.719271  -3.062805  -0.018            0.000           -0.018
2023-07-29  263.333333   1.912500  13.808333  0.958261  -0.780883  -0.005            0.000           -0.005
2023-07-30  250.125000   2.062500  14.075000  0.639663  -1.362437  -0.006            0.000           -0.006
2023-07-31  293.500000   4.645833  13.625000  1.084160  -4.388500  -0.032            0.000           -0.032
2023-08-01  248.750000   5.029167  12.962500  0.844332  -4.703470  -0.049            0.000           -0.049
2023-08-02  248.958333   3.116667  12.758333  0.994777  -2.130749  -0.016            0.000           -0.016
2023-08-03  241.666667   1.975000  14.133333  0.953912  -1.275318  -0.006            0.000           -0.006
2023-08-04  286.208333   3.325000  14.133333  0.857718  -2.934038  -0.021            0.000           -0.021
2023-08-05  288.333333   5.379167  13.445833  0.946950  -5.166158  -0.047            0.000           -0.047
2023-08-06  258.958333   1.466667  14.704167  0.883060   0.073050  -0.000            0.000            0.000
2023-08-07  216.416667   1.204167  14.816667  0.544003  -0.495942  -0.001            0.000           -0.001
2023-08-08  237.166667   2.291667  14.287500  0.308156  -1.814670  -0.010            0.000           -0.010
2023-08-09  187.041667   2.291667  15.208333  0.340570   0.694197   0.004            0.004            0.000
2023-08-10  207.291667   1.845833  14.654167  0.373859  -0.924545  -0.006            0.000           -0.006
2023-08-11  240.708333   3.812500  14.320833  0.765565  -3.490616  -0.025            0.000           -0.025
2023-08-12  275.500000   6.029167  14.566667  0.641091  -5.726162  -0.066            0.000           -0.066
2023-08-13  319.000000   6.479167  12.425000  1.145329  -6.325917  -0.079            0.000           -0.079
2023-08-14  312.458333   3.970833  13.070833  1.117091  -3.688247  -0.033            0.000           -0.033
2023-08-15  235.041667   3.204167  14.054167  0.794612  -1.353637  -0.014            0.000           -0.014
2023-08-16  248.625000   1.620833  13.820833  0.739982  -0.795366  -0.004            0.000           -0.004
2023-08-17  282.708333   2.808333  13.812500  0.838756  -2.518428  -0.012            0.000           -0.012
2023-08-18  260.583333   3.300000  13.275000  0.706684  -3.193059  -0.024            0.000           -0.024
2023-08-19  233.375000   6.395833  11.845833  0.517405  -6.175513  -0.072            0.000           -0.072
2023-08-20  242.166667   2.308333  10.695833  0.724076  -1.663108  -0.009            0.000           -0.009
2023-08-21  343.291667   7.529167  11.604167  1.841779  -7.202770  -0.078            0.000           -0.078
2023-08-22  171.565217   1.913043  13.473913  0.249184   1.479049   0.006            0.006            0.000
2023-08-23  177.708333   3.129167  13.745833  0.080435  -1.064253  -0.013            0.000           -0.013
2023-08-24  214.083333   4.579167  12.075000  0.574260  -4.299503  -0.039            0.000           -0.039
2023-08-25  186.750000   4.587500  13.358333  0.786293   3.060360   0.025            0.025            0.000
2023-08-26  206.958333   1.950000  14.216667  0.607743   0.548023   0.003            0.003            0.000
2023-08-27  169.041667   1.191667  14.908333  0.501273   0.889003   0.002            0.002            0.000
2023-08-28  213.875000   1.158333  14.808333  0.648887   0.091548  -0.000            0.000            0.000
2023-08-29  189.250000   2.541667  15.004167  0.323500   1.178424   0.011            0.011            0.000
2023-08-30  215.130435   3.334783  15.173913  0.745369   2.657261   0.016            0.016            0.000
2023-08-31  172.375000   1.966667  15.195833 -0.132587   0.562240   0.003            0.003            0.000
2023-09-01  302.250000   4.012500  14.641667  1.073905  -2.662632  -0.022            0.000           -0.022
2023-09-02  203.916667   3.854167  15.370833  0.154622  -0.604603  -0.009            0.000           -0.009
2023-09-03  173.583333   3.133333  14.833333  0.564702   2.803239   0.018            0.018            0.000
2023-09-04  146.958333   1.745833  14.412500  0.867283   0.764728   0.006            0.006            0.000
2023-09-05  186.416667   3.129167  13.225000  0.034905  -2.291160  -0.012            0.000           -0.012
2023-09-06  187.458333   2.687500  13.158333  0.061569  -1.503360  -0.009            0.000           -0.009
2023-09-07  177.875000   1.525000  13.833333  0.770804  -0.949889  -0.003            0.000           -0.003
2023-09-08  252.666667   3.729167  13.345833  0.348319  -3.120077  -0.022            0.000           -0.022
2023-09-09  209.250000   2.408333  12.750000  0.213183  -1.919709  -0.010            0.000           -0.010
2023-09-10  199.250000   1.658333  14.587500  0.599244   0.966766   0.004            0.004            0.000
2023-09-11  159.583333   1.895833  15.387500 -0.058173   0.716615   0.003            0.003            0.000
2023-09-12  158.833333   2.025000  14.195833 -0.536337  -0.373390  -0.001            0.000           -0.001
2023-09-13  198.041667   2.912500  13.595833  0.077053  -2.311082  -0.020            0.000           -0.020
2023-09-14  187.333333   4.637500  12.966667  0.419105  -4.401474  -0.046            0.000           -0.046
2023-09-15  211.125000   3.791667  12.937500  0.588943  -3.584201  -0.035            0.000           -0.035
2023-09-16  247.000000   4.562500  13.129167  0.661139  -4.416103  -0.031            0.000           -0.031
2023-09-17  192.791667   2.429167  11.716667 -0.164283  -1.673338  -0.009            0.000           -0.009
2023-09-18  266.458333   3.983333  12.883333  0.820020  -3.659337  -0.033            0.000           -0.033
2023-09-19  245.375000   4.129167  11.570833  0.651755  -3.821579  -0.036            0.000           -0.036
2023-09-20  211.833333   1.650000  11.950000  0.789365  -0.340332  -0.002            0.000           -0.002
2023-09-21  192.333333   2.654167  10.966667 -0.023548  -1.822047  -0.009            0.000           -0.009
2023-09-22  163.500000   2.475000  12.866667 -0.933521  -0.652486  -0.002            0.000           -0.002
2023-09-23  173.083333   3.908333  12.883333  0.362168   3.822262   0.025            0.025            0.000
2023-09-24  124.208333   2.737500  12.900000 -1.906434   0.851792   0.003            0.003            0.000
2023-09-25  156.916667   6.879167  14.508333 -1.652869   5.920863   0.071            0.071            0.000
2023-09-26  182.826087   8.356522  13.734783  0.786078   8.204195   0.106            0.106            0.000
2023-09-27  190.875000   8.233333  13.958333  1.454850   7.885991   0.099            0.099            0.000
2023-09-28  179.083333   2.800000  13.033333  0.434739   2.604626   0.013            0.013            0.000
2023-09-29  267.458333   3.312500  12.691667  0.429548  -2.902333  -0.027            0.000           -0.027
2023-09-30  187.583333   5.387500  11.754167 -0.092466  -4.944998  -0.057            0.000           -0.057
2023-10-01  157.708333   5.583333  11.408333 -0.611059  -4.918407  -0.054            0.000           -0.054
2023-10-02  168.375000   3.745833  11.666667 -0.268305  -0.206604   0.000            0.000            0.000
2023-10-03  280.291667   4.879167  13.250000  2.120887   1.034986   0.027            0.027            0.000
2023-10-04  180.958333   3.520833  12.137500 -0.568128  -2.623660  -0.020            0.000           -0.020
2023-10-05  252.458333   4.779167  13.133333  0.508078  -4.588507  -0.039            0.000           -0.039
2023-10-06  131.875000   4.975000  21.995833 -4.052519  -1.266591  -0.005            0.000           -0.005
2023-10-07  130.500000   2.762500  14.916667 -0.111681   1.429607   0.011            0.011            0.000
2023-10-08  174.000000   2.462500  95.720833  0.020531   2.195534   0.010            0.010            0.000
2023-10-09  172.666667   5.595833  15.162500  0.216390   5.060890   0.049            0.049            0.000
2023-10-10  172.666667   6.891667  13.191667  0.308584   6.610759   0.101            0.101            0.000
2023-10-11  221.791667   8.862500  13.629167  5.065883   6.377040   0.075            0.075            0.000
2023-10-12  154.250000   3.550000  14.150000 -0.138041   1.169418   0.006            0.006            0.000
2023-10-13  134.916667   3.754167  14.458333 -2.041424   1.743986   0.011            0.011            0.000
2023-10-14  158.500000   3.008333  13.000000 -0.533536   2.704303   0.014            0.014            0.000
2023-10-15  124.750000   3.208333  14.604167 -1.852354   1.001225   0.006            0.006            0.000
2023-10-16  165.583333   6.020833  15.179167  0.293406   5.471885   0.069            0.069            0.000
2023-10-17  126.875000   2.379167  13.250000 -0.870352   0.981684   0.007            0.007            0.000
2023-10-18  138.458333   3.020833  13.337500 -1.473217  -1.450357  -0.007            0.000           -0.007
2023-10-19  178.625000   2.750000  12.416667 -0.117165  -2.123040  -0.013            0.000           -0.013
2023-10-20  251.041667   4.562500  13.654167  0.344479  -4.295488  -0.037            0.000           -0.037
2023-10-21  196.333333   4.416667  13.258333  0.547135   1.514737   0.005            0.005            0.000
2023-10-22  139.250000   2.150000  14.029167 -1.065557  -0.825306  -0.003            0.000           -0.003
2023-10-23  168.083333   3.870833  13.029167  0.417235  -3.551982  -0.024            0.000           -0.024
2023-10-24  140.833333   2.458333  10.850000 -0.769853   0.453738   0.002            0.002            0.000
2023-10-25  247.541667   8.116667  10.791667  6.712101   0.932640   0.014            0.014            0.000
2023-10-26   94.166667   2.612500   6.695833 -2.422760  -0.003473   0.000            0.000            0.000
2023-10-27  100.291667   3.283333   8.333333 -2.364857  -1.163802  -0.005            0.000           -0.005
2023-10-28   92.250000   2.529167   7.133333 -1.391365  -1.519614  -0.006            0.000           -0.006
2023-10-29   73.416667   3.537500   9.312500 -3.265637  -0.935289  -0.002            0.000           -0.002
2023-10-30   80.291667   5.075000  11.858333 -4.962838  -0.800854  -0.001            0.000           -0.001
2023-10-31  102.416667   4.266667  11.137500 -3.641183  -0.175242   0.000            0.000            0.000
2023-11-01  112.208333   2.625000  10.741667 -2.223176   0.509789   0.001            0.001            0.000
2023-11-02  170.000000   7.758333  13.520833  0.609080   7.106268   0.107            0.107            0.000
2023-11-03  110.083333   2.741667  13.500000 -1.893800   0.610808   0.004            0.004            0.000
2023-11-04  188.000000  10.416667  14.791667  1.443690  10.281083   0.194            0.194            0.000
2023-11-05  166.666667   4.812500  12.962500  0.456480   4.277020   0.039            0.039            0.000
2023-11-06  175.250000   8.779167  12.545833  1.278216   8.178180   0.137            0.137            0.000
2023-11-07  254.125000   5.912500  12.354167  4.094383   1.169491   0.013            0.013            0.000
2023-11-08   87.500000   2.366667   8.591667 -2.270186  -0.136346  -0.000            0.000            0.000
2023-11-09   96.208333   3.016667   8.062500 -2.626367   0.347496   0.003            0.003            0.000
2023-11-10  150.416667   3.479167   9.433333 -0.521222   2.698852   0.018            0.018            0.000
2023-11-11  190.708333   8.670833  11.725000  1.907577   8.245034   0.135            0.135            0.000
2023-11-12  130.666667   3.341667  10.904167 -1.263153   2.044273   0.015            0.015            0.000
2023-11-13  115.416667   2.720833  10.283333 -0.704130   0.619970   0.004            0.004            0.000
2023-11-14   56.416667   3.383333   9.575000 -2.371233  -1.705741  -0.007            0.000           -0.007
2023-11-15   92.583333   3.708333  10.770833 -3.064088  -0.701143  -0.005            0.000           -0.005
2023-11-16  147.958333   4.162500  10.558333 -1.868353  -2.443727  -0.016            0.000           -0.016
2023-11-17   80.541667   4.787500  10.033333 -4.709606  -0.789778  -0.001            0.000           -0.001
2023-11-18   83.750000   5.258333  10.891667 -5.219033  -0.583219  -0.001            0.000           -0.001
2023-11-19  265.875000   7.687500  10.875000  6.566938  -1.872745  -0.010            0.000           -0.010
2023-11-20   93.416667   4.162500   7.783333 -3.868777  -0.462960  -0.001            0.000           -0.001
2023-11-21  104.166667   4.937500  10.945833 -3.307740   1.036733   0.015            0.015            0.000
2023-11-22  157.250000   4.441667  11.312500  0.032236   0.763309   0.005            0.005            0.000
2023-11-23  118.458333   3.104167   6.737500 -1.293834  -2.070781  -0.015            0.000           -0.015
2023-11-24   90.750000   2.712500   5.854167 -2.221470  -0.793877  -0.002            0.000           -0.002
2023-11-25   79.875000   3.516667   5.654167 -3.069345  -1.255505  -0.003            0.000           -0.003
2023-11-26   65.833333   4.037500   8.183333 -3.557427  -0.992511  -0.003            0.000           -0.003
2023-11-27   81.541667   4.533333   7.670833 -4.471340  -0.650719  -0.001            0.000           -0.001
2023-11-28   80.000000   5.725000   6.500000 -5.630579  -1.005233  -0.002            0.000           -0.002
2023-11-29   79.958333   4.104167   6.512500 -3.987572  -0.827599  -0.001            0.000           -0.001
2023-11-30   98.875000   3.075000   6.762500 -2.934021   0.191762   0.000            0.000            0.000
2023-12-01  205.708333   7.141667   9.600000  4.236703   3.437927   0.059            0.059            0.000
2023-12-02  216.916667   9.266667  11.516667  4.650085   7.015231   0.103            0.103            0.000
2023-12-03  172.541667   7.725000  11.687500  2.216399   6.211640   0.079            0.079            0.000
2023-12-04  191.458333  12.562500  12.766667  2.497555  12.306739   0.247            0.247            0.000
2023-12-05  191.250000  12.087500  13.608333  2.340700  11.835242   0.233            0.233            0.000
2023-12-06  221.000000   5.475000  11.512500  1.365097   2.150065   0.035            0.035            0.000
2023-12-07  239.500000   7.895833  10.312500  5.281453   4.055491   0.045            0.045            0.000
2023-12-08  204.666667   4.016667   8.466667  2.203817  -0.252303  -0.002            0.000           -0.002
2023-12-09  102.083333   3.925000   6.308333 -3.207141   0.944203   0.010            0.010            0.000
2023-12-10  189.695652  12.886957  10.804348  2.141322  12.671908   0.279            0.279            0.000
2023-12-11  246.500000   4.283333  10.158333  0.531880  -2.545030  -0.014            0.000           -0.014
2023-12-12   82.750000   3.295833   8.950000 -2.614214  -0.810046  -0.003            0.000           -0.003
2023-12-13   89.833333   4.929167   9.612500 -4.800630  -0.402318  -0.001            0.000           -0.001
2023-12-14   98.041667   2.520833   9.045833 -2.434466   0.272950   0.000            0.000            0.000
2023-12-15   84.416667   5.375000   9.687500 -5.284943  -0.674496  -0.001            0.000           -0.001
2023-12-16   83.416667   5.158333   9.554167 -5.106388  -0.601256  -0.001            0.000           -0.001
2023-12-17   87.708333   5.616667  10.341667 -5.399602  -0.600369  -0.001            0.000           -0.001
2023-12-18   83.666667   5.291667   8.854167 -5.193402  -0.675256  -0.001            0.000           -0.001
2023-12-19  133.375000   7.775000  10.729167 -2.754580   3.625030   0.061            0.061            0.000
2023-12-20  128.916667   2.958333  10.750000 -1.791181  -1.005838  -0.004            0.000           -0.004
2023-12-21  134.958333   2.729167   8.816667 -0.714187  -1.036579  -0.006            0.000           -0.006
2023-12-22  200.708333   4.412500   8.816667  0.913394   0.430576  -0.007            0.000           -0.007
2023-12-23  133.500000   3.412500   5.462500 -1.898736  -1.097690  -0.005            0.000           -0.005
2023-12-24  102.625000   3.466667   5.716667 -3.011675   0.464842   0.002            0.002            0.000
2023-12-25  128.250000   4.595833  10.525000 -2.090928   2.842089   0.027            0.027            0.000
2023-12-26  130.625000   5.212500  11.250000 -1.589021   2.951863   0.036            0.036            0.000
2023-12-27  120.291667   4.254167  10.916667 -3.339736   1.523023   0.010            0.010            0.000
2023-12-28  127.666667   4.058333  11.687500 -2.362727   2.696139   0.022            0.022            0.000
2023-12-29   96.625000   5.137500  12.483333 -4.631751   0.374767   0.004            0.004            0.000
2023-12-30  165.125000   3.270833  11.566667 -0.265187   1.927522   0.008            0.008            0.000
2023-12-31   96.041667   2.604167   8.008333 -1.890129   0.018041   0.000            0.000            0.000