                  wdir        m/s       degC      ucomp      vcomp  stress  positive_stress  negative_stress
time                                                                                                        
2024-01-01   82.210526   4.142105   6.478947  -4.089427  -0.521859  -0.001            0.000           -0.001
2024-01-02   88.750000   4.825000   7.729167  -4.752210  -0.234500  -0.000            0.000            0.000
2024-01-03  182.416667   4.783333  10.283333   0.956320   2.306869   0.010            0.010            0.000
2024-01-04  217.458333   6.475000   9.495833   1.563141   3.418315   0.045            0.045            0.000
2024-01-05  179.083333   4.150000   8.112500   0.249503   1.420258   0.016            0.016            0.000
2024-01-06  255.083333   9.975000   9.025000   5.689573   1.054347   0.039            0.039            0.000
2024-01-07  298.041667   8.179167   8.591667   5.396295  -5.454697  -0.052            0.000           -0.052
2024-01-08  158.208333   5.591667   7.366667   0.040028   3.844129   0.080            0.080            0.000
2024-01-09  241.416667  13.620833   9.883333  10.082316   5.382942   0.106            0.106            0.000
2024-01-10  273.083333  10.008333   7.395833   8.123225  -0.956673   0.001            0.001            0.000
2024-01-11  247.250000   7.212500   7.595833   5.069831  -1.994576  -0.020            0.000           -0.020
2024-01-12  284.625000   7.162500   7.483333   6.007071  -2.250010  -0.012            0.000           -0.012
2024-01-13   78.000000   4.654167   2.100000  -4.543391  -0.864848  -0.002            0.000           -0.002
2024-01-14   76.041667   0.520833  -2.641667  -0.500237  -0.124810  -0.000            0.000            0.000
2024-01-15   76.291667   0.904167  -1.462500  -0.886130  -0.139624  -0.000            0.000            0.000
2024-01-16   85.875000   8.258333  -1.520833  -8.218379  -0.596313  -0.001            0.000           -0.001
2024-01-17  190.708333   9.429167   8.879167   2.250746   6.244625   0.108            0.108            0.000
2024-01-18  168.625000   5.583333  10.400000  -0.190582   2.895028   0.029            0.029            0.000
2024-01-19   80.125000   8.254167   7.345833  -8.100994  -1.436923  -0.004            0.000           -0.004
2024-01-20   81.041667   6.912500   6.608333  -6.796738  -1.116597  -0.002            0.000           -0.002
2024-01-21  154.875000   7.029167  10.679167  -1.297415   6.320674   0.095            0.095            0.000
2024-01-22  178.125000   8.162500  11.204167   1.056894   7.420298   0.111            0.111            0.000
2024-01-23  209.916667   5.250000  10.795833   2.435319   4.214148   0.029            0.029            0.000
2024-01-24  152.375000   6.375000  10.366667  -0.012582   5.157471   0.071            0.071            0.000
2024-01-25  193.291667   7.341667  10.404167   1.833347   6.946436   0.073            0.073            0.000
2024-01-26  116.333333   3.566667   9.645833  -2.640258   1.476647   0.008            0.008            0.000
2024-01-27  189.458333  11.279167  12.283333   1.854353  11.110581   0.227            0.227            0.000
2024-01-28  162.250000   5.983333  14.466667  -0.039914   5.557657   0.067            0.067            0.000
2024-01-29  118.500000   3.070833  14.625000  -2.208878   0.898187   0.004            0.004            0.000
2024-01-30  142.125000   3.966667  13.766667  -1.041740   2.593785   0.024            0.024            0.000
2024-01-31  131.083333   5.029167  13.829167  -2.642178   2.861111   0.022            0.022            0.000
2024-02-01  153.250000   5.229167  11.929167  -1.602619   4.602362   0.040            0.040            0.000
2024-02-02  161.041667   5.120833   8.958333  -1.105396   4.809895   0.040            0.040            0.000
2024-02-03  139.583333   2.979167   7.795833  -1.295785   1.837600   0.008            0.008            0.000
2024-02-04   91.333333   3.350000   7.383333  -2.345672  -1.312341  -0.005            0.000           -0.005
2024-02-05   93.541667   2.516667   8.820833  -1.353421  -1.325489  -0.005            0.000           -0.005
2024-02-06  268.333333   4.529167   9.100000   2.349426  -2.795519  -0.019            0.000           -0.019
2024-02-07  198.291667   2.662500   7.258333  -0.131757  -1.121537  -0.006            0.000           -0.006
2024-02-08  182.875000   2.933333   7.470833   0.112204  -2.098912  -0.015            0.000           -0.015
2024-02-09  163.625000   2.395833   7.000000  -0.067234  -0.347731  -0.003            0.000           -0.003
2024-02-10  111.333333   2.204167   7.766667  -1.898680  -0.100592  -0.000            0.000            0.000
2024-02-11  174.000000   4.808333   9.537500   1.384804   3.677653   0.035            0.035            0.000
2024-02-12  268.916667   4.637500   9.141667   3.710204   0.649954   0.005            0.005            0.000
2024-02-13  129.625000   3.033333   5.891667  -1.372871  -0.573846  -0.003            0.000           -0.003
2024-02-14  117.541667   4.391667   6.312500  -3.808444  -0.060482   0.001            0.001            0.000
2024-02-15  209.250000   7.445833   9.429167   2.738205   5.704046   0.088            0.088            0.000
2024-02-16  101.250000   5.070833   8.187500  -4.747777  -0.619626  -0.002            0.000           -0.002
2024-02-17   87.958333   8.058333   7.616667  -8.012767  -0.310413  -0.001            0.000           -0.001
2024-02-18  110.041667   4.512500   8.908333  -3.161297   1.249658   0.015            0.015            0.000
2024-02-19   83.708333   5.016667   9.854167  -4.919956  -0.612446  -0.001            0.000           -0.001
2024-02-20  121.666667   3.512500  10.762500  -2.524608   1.390854   0.006            0.006            0.000
2024-02-21  195.833333   6.245833  10.166667   2.532145   4.892122   0.039            0.039            0.000
2024-02-22  139.333333   2.933333   9.466667  -1.247082   0.584652   0.005            0.005            0.000
2024-02-23  143.916667   3.650000  10.191667  -1.900157  -1.789697  -0.010            0.000           -0.010
2024-02-24  157.291667   3.958333   8.237500  -0.677006  -3.220257  -0.032            0.000           -0.032
2024-02-25  203.666667   3.962500   9.387500   0.977541  -0.908481  -0.015            0.000           -0.015
2024-02-26  286.625000   8.225000   7.958333   6.250317  -1.961214  -0.020            0.000           -0.020
2024-02-27  226.333333   6.175000   6.820833   3.288040   0.194532   0.012            0.012            0.000
2024-02-28  186.583333  12.770833   9.012500   1.615776  12.614737   0.273            0.273            0.000
2024-02-29  205.916667  10.195833   7.583333   4.388458   7.725744   0.171            0.171            0.000
2024-03-01  184.500000   9.679167   5.579167   3.575141   7.699752   0.120            0.120            0.000
2024-03-02  174.333333   4.741667   4.454167   0.456370   3.366267   0.020            0.020            0.000
2024-03-03  149.708333   3.545833   3.079167  -1.109168   2.729775   0.017            0.017            0.000
2024-03-04  173.625000   4.354167   4.541667   1.064725   0.037174  -0.000            0.000            0.000
2024-03-05  113.208333   3.245833   2.587500  -2.113705  -1.116862  -0.007            0.000           -0.007
2024-03-06  133.833333   3.270833   3.450000  -1.087318  -1.868813  -0.013            0.000           -0.013
2024-03-07  147.041667   3.529167   4.508333  -0.930056  -1.718002  -0.015            0.000           -0.015
2024-03-08  135.958333   3.429167   6.866667  -2.085721   0.445998   0.003            0.003            0.000
2024-03-09  177.916667   8.204167   9.387500   1.030078   7.655774   0.112            0.112            0.000
2024-03-10  175.708333  10.512500   8.279167   0.144455   9.847642   0.186            0.186            0.000
2024-03-11  176.500000   5.312500   8.208333   0.688685   4.002941   0.041            0.041            0.000
2024-03-12  232.708333  10.162500   9.675000   6.098320   6.001142   0.109            0.109            0.000
2024-03-13  187.833333   2.983333   7.729167   1.271689  -0.087342  -0.001            0.000           -0.001
2024-03-14  160.375000   3.791667   7.683333  -1.239577  -2.492730  -0.017            0.000           -0.017
2024-03-15  112.166667   3.687500  13.316667  -2.507540  -1.619906  -0.008            0.000           -0.008
2024-03-16  105.625000   5.350000  17.100000  -4.020668   0.132190   0.004            0.004            0.000
2024-03-17  176.041667   2.883333  10.579167   0.352749  -0.644696  -0.008            0.000           -0.008
2024-03-18  194.708333   4.087500   8.741667   0.034699  -3.253299  -0.029            0.000           -0.029
2024-03-19  277.083333   2.229167   9.291667   1.181809  -1.318279  -0.006            0.000           -0.006
2024-03-20  190.458333   3.287500   9.375000   0.731231   2.830599   0.019            0.019            0.000
2024-03-21  166.708333   6.062500  10.975000   0.270643   5.562948   0.058            0.058            0.000
2024-03-22  128.958333   2.770833  11.137500  -1.319604   1.528748   0.009            0.009            0.000
2024-03-23  152.291667   3.937500   9.520833  -0.981195   3.117817   0.019            0.019            0.000
2024-03-24  158.875000   3.120833   8.662500   0.224658   0.001127   0.005            0.005            0.000
2024-03-25  216.375000   4.558333   9.479167   2.170729   2.740659   0.020            0.020            0.000
2024-03-26  264.125000   5.137500   9.995833   4.182694  -0.086325   0.001            0.001            0.000
2024-03-27  184.916667   7.612500  10.170833   1.376473   6.906070   0.108            0.108            0.000
2024-03-28  182.250000   8.633333   8.533333   1.205760   7.922222   0.104            0.104            0.000
2024-03-29  144.166667   5.970833   8.695833  -0.030648   1.685092   0.031            0.031            0.000
2024-03-30  232.791667   5.720833   9.512500  -0.464081  -4.854481  -0.065            0.000           -0.065
2024-03-31  271.333333   9.104167  10.150000   0.939540  -8.846228  -0.136            0.000           -0.136
2024-04-01  186.416667   3.787500   9.716667   0.195685  -3.217949  -0.028            0.000           -0.028
2024-04-02  221.541667   3.187500   8.845833   0.726285  -2.376804  -0.017            0.000           -0.017
2024-04-03  202.625000   3.341667   7.758333   1.323307  -1.199320  -0.010            0.000           -0.010
2024-04-04  261.875000   4.220833   7.333333   1.765002  -2.882097  -0.022            0.000           -0.022
2024-04-05  223.041667   4.566667   7.395833   1.383682  -1.283999  -0.012            0.000           -0.012
2024-04-06  235.250000   6.762500   8.983333   3.736392   4.376440   0.057            0.057            0.000
2024-04-07  203.708333   3.045833   8.662500   1.399233   1.699290   0.010            0.010            0.000
2024-04-08  154.666667   3.404167   8.645833   0.331299   2.410559   0.022            0.022            0.000
2024-04-09  245.708333   4.970833  10.287500   2.777455   2.039899   0.016            0.016            0.000
2024-04-10  176.000000   3.600000   7.804167  -0.319928  -2.551285  -0.019            0.000           -0.019
2024-04-11  139.083333   3.625000   8.737500   0.084758  -1.121021  -0.018            0.000           -0.018
2024-04-12  167.750000   4.095833   9.570833  -0.534038  -0.657785  -0.013            0.000           -0.013
2024-04-13  209.625000   3.620833  10.425000   0.138373  -3.030887  -0.034            0.000           -0.034
2024-04-14  265.750000   7.045833  10.604167   1.224033  -6.483787  -0.067            0.000           -0.067
2024-04-15  300.416667   5.508333   9.370833   2.199588  -4.771185  -0.036            0.000           -0.036
2024-04-16  246.208333   5.029167   8.429167   0.689342  -4.584788  -0.042            0.000           -0.042
2024-04-17  170.625000   5.987500   7.408333  -0.886504  -4.555027  -0.061            0.000           -0.061
2024-04-18  185.625000   5.525000   9.900000  -0.463531  -4.863267  -0.059            0.000           -0.059
2024-04-19  220.041667   5.370833  11.400000  -0.920306  -4.104392  -0.043            0.000           -0.043
2024-04-20  183.416667   4.091667  10.625000   0.173032   1.187246   0.014            0.014            0.000
2024-04-21  192.458333   3.629167   8.504167   0.289356  -1.843977  -0.016            0.000           -0.016
2024-04-22  191.000000   5.558333   8.525000  -0.199160  -4.826426  -0.060            0.000           -0.060
2024-04-23  215.916667   4.795833   9.095833   0.650136  -4.198112  -0.051            0.000           -0.051
2024-04-24  194.916667   3.158333   9.700000   0.727016  -0.469755  -0.005            0.000           -0.005
2024-04-25  190.375000   8.162500  10.191667   1.466154   7.934156   0.117            0.117            0.000
2024-04-26  229.625000   6.179167  10.166667   3.829257   3.586533   0.029            0.029            0.000
2024-04-27  206.416667   5.845833   9.516667   1.735075   3.337544   0.043            0.043            0.000
2024-04-28  214.625000   4.812500   9.829167   2.453612   3.291720   0.028            0.028            0.000
2024-04-29  248.333333   6.354167   9.529167   5.225428   2.410560   0.014            0.014            0.000
2024-04-30  237.583333   6.741667   9.391667   5.202574   3.102854   0.022            0.022            0.000
2024-05-01  176.708333   2.791667   8.554167   0.444729  -0.773454  -0.003            0.000           -0.003
2024-05-02  194.000000   5.420833  10.108333   2.123454   3.233806   0.025            0.025            0.000
2024-05-03  151.541667   2.954167   9.733333  -0.743570   1.534718   0.009            0.009            0.000
2024-05-04  264.958333   5.716667   9.491667   3.609756  -0.131048   0.011            0.011            0.000
2024-05-05  259.500000   8.150000   9.945833   6.937646   1.413916   0.012            0.012            0.000
2024-05-06  228.166667   8.579167  10.179167   5.122833   5.887644   0.084            0.084            0.000
2024-05-07  260.791667   4.037500   9.770833   2.395337  -1.824231  -0.010            0.000           -0.010
2024-05-08  218.791667   5.950000   9.120833  -0.002693  -5.204274  -0.067            0.000           -0.067
2024-05-09  202.913043   5.960870  10.986957   0.202001  -5.402021  -0.075            0.000           -0.075
2024-05-10  260.458333   3.879167  57.166667   0.026878  -3.340572  -0.022            0.000           -0.022
2024-05-11  298.833333   4.000000  12.395833   1.175013  -3.725718  -0.024            0.000           -0.024
2024-05-12  301.125000   5.875000  11.408333   1.421777  -5.628399  -0.046            0.000           -0.046
2024-05-13  346.583333   6.791667  10.812500   1.586398  -6.567193  -0.063            0.000           -0.063
2024-05-14  269.583333   7.000000  10.608333   0.641830  -6.872781  -0.088            0.000           -0.088
2024-05-15  337.250000  10.175000  10.479167   1.416054 -10.046045  -0.150            0.000           -0.150
2024-05-16  313.916667   5.945833   9.600000   1.198032  -5.679168  -0.056            0.000           -0.056
2024-05-17  233.166667   4.220833  10.720833   0.720425  -3.588084  -0.027            0.000           -0.027
2024-05-18  226.333333   4.725000   9.800000   0.547666  -4.405484  -0.039            0.000           -0.039
2024-05-19  239.208333   2.691667   9.383333   0.668123  -1.762227  -0.009            0.000           -0.009
2024-05-20  193.125000   4.541667   9.837500   0.409451  -4.167649  -0.037            0.000           -0.037
2024-05-21  190.250000   3.133333   9.795833   0.507082  -1.014392  -0.010            0.000           -0.010
2024-05-22  275.500000   5.329167  10.645833   3.674832  -0.160443   0.007            0.007            0.000
2024-05-23  207.041667   2.329167  10.595833   1.168945  -0.910163  -0.005            0.000           -0.005
2024-05-24  176.750000   2.475000  10.333333   0.482899  -0.015754  -0.002            0.000           -0.002
2024-05-25  287.041667   3.750000  10.758333   1.989776  -2.238238  -0.013            0.000           -0.013
2024-05-26  178.958333   2.033333  10.029167  -0.055032  -0.431858  -0.000            0.000            0.000
2024-05-27  182.291667   2.125000  11.591667   0.390287  -0.957973  -0.003            0.000           -0.003
2024-05-28  238.250000   2.616667  11.675000   0.898237  -0.171869  -0.002            0.000           -0.002
2024-05-29  240.500000   3.229167  12.258333   2.213454   1.413434   0.006            0.006            0.000
2024-05-30  194.875000   5.245833  10.858333   0.119291  -4.696574  -0.050            0.000           -0.050
2024-05-31  222.500000   5.529167  10.362500   0.373735  -5.102858  -0.060            0.000           -0.060
2024-06-01  212.958333   3.241667  11.137500   0.944546   0.268085  -0.003            0.000           -0.003
2024-06-02  187.750000   8.487500  11.758333   1.180622   8.397537   0.140            0.140            0.000
2024-06-03  206.791667   8.441667  11.925000   2.908452   7.300892   0.104            0.104            0.000
2024-06-04  186.125000   9.295833  12.420833   1.105837   9.195218   0.132            0.132            0.000
2024-06-05  185.750000   3.941667  11.029167   0.468586  -1.611740  -0.016            0.000           -0.016
2024-06-06  230.416667   6.116667  11.183333   0.901280  -5.836542  -0.073            0.000           -0.073
2024-06-07  243.666667   6.320833  11.308333   0.948643  -5.993535  -0.070            0.000           -0.070
2024-06-08  261.583333   3.008333  12.320833   1.312647  -1.230163  -0.012            0.000           -0.012
2024-06-09  337.166667   4.687500  11.991667   1.697903  -4.257307  -0.027            0.000           -0.027
2024-06-10  293.750000   5.666667  11.183333   0.886704  -5.406266  -0.048            0.000           -0.048
2024-06-11  239.125000   3.516667  11.533333   0.759851  -0.317145  -0.010            0.000           -0.010
2024-06-12  213.958333   6.304167  10.816667   0.608632  -6.114876  -0.069            0.000           -0.069
2024-06-13  249.541667   7.191667  10.150000   0.715367  -7.073156  -0.091            0.000           -0.091
2024-06-14  179.083333   1.962500  10.062500   0.505880   0.205079   0.000            0.000            0.000
2024-06-15  199.250000   4.037500  11.037500   1.233159   3.649241   0.021            0.021            0.000
2024-06-16  173.125000   2.291667  10.570833  -0.278622   0.348504   0.003            0.003            0.000
2024-06-17  194.416667   3.008333  10.895833   0.411939  -0.645526  -0.007            0.000           -0.007
2024-06-18  203.166667   3.475000  10.737500  -0.108110  -2.374120  -0.023            0.000           -0.023
2024-06-19  244.791667   5.020833  10.937500   0.613538  -4.656952  -0.047            0.000           -0.047
2024-06-20  275.333333   5.733333  10.908333   0.908227  -5.498952  -0.046            0.000           -0.046
2024-06-21  255.583333   4.795833  10.920833   1.041464  -4.494147  -0.034            0.000           -0.034
2024-06-22  261.333333   2.487500  11.091667   1.021023  -1.888549  -0.009            0.000           -0.009
2024-06-23  221.750000   2.062500  12.525000   0.811118  -0.815447  -0.004            0.000           -0.004
2024-06-24  257.958333   3.312500  11.241667   0.694767  -3.007150  -0.023            0.000           -0.023
2024-06-25  251.958333   4.008333  11.045833   0.916499  -3.696309  -0.033            0.000           -0.033
2024-06-26  235.291667   4.875000  12.120833   1.220767   2.592132   0.026            0.026            0.000
2024-06-27  190.791667   5.500000  12.545833   0.986695   5.355328   0.043            0.043            0.000
2024-06-28  241.000000   3.204167  12.687500   0.604405  -2.383137  -0.016            0.000           -0.016
2024-06-29  210.541667   2.829167  13.920833   0.909310  -1.744442  -0.012            0.000           -0.012
2024-06-30  233.125000   1.179167  14.879167   0.954265  -0.281323  -0.001            0.000           -0.001
2024-07-01  212.958333   2.504167  13.820833   0.842819  -2.201384  -0.014            0.000           -0.014
2024-07-02  250.916667   6.720833  13.083333   0.622173  -6.633112  -0.065            0.000           -0.065
2024-07-03  192.708333   6.741667  11.891667   0.040016  -6.340892  -0.077            0.000           -0.077
2024-07-04  320.208333   7.454167  10.650000   1.279466  -7.302621  -0.087            0.000           -0.087
2024-07-05  280.791667   5.891667  12.662500   0.865292  -5.724658  -0.065            0.000           -0.065
2024-07-06  320.541667   5.879167  12.070833   1.136296  -5.724739  -0.063            0.000           -0.063
2024-07-07  283.666667   4.033333  11.241667   1.233302  -3.486058  -0.029            0.000           -0.029
2024-07-08  269.916667   4.708333  12.241667   1.329862  -4.264294  -0.043            0.000           -0.043
2024-07-09  331.916667   5.658333  11.920833   1.323771  -5.465457  -0.058            0.000           -0.058
2024-07-10  285.250000   3.291667  12.062500   1.472833  -2.360673  -0.013            0.000           -0.013
2024-07-11  350.250000   8.820833  11.800000   1.435625  -8.669733  -0.109            0.000           -0.109
2024-07-12  278.583333   8.975000  11.387500   1.017754  -8.872467  -0.115            0.000           -0.115
2024-07-13  307.208333   6.350000  11.341667   0.975396  -6.198816  -0.057            0.000           -0.057
2024-07-14  318.458333   5.320833  11.362500   1.060713  -5.132956  -0.042            0.000           -0.042
2024-07-15  290.916667   6.383333  11.004167   1.134423  -6.241375  -0.065            0.000           -0.065
2024-07-16  290.083333   5.741667   9.575000   1.324079  -2.953264  -0.038            0.000           -0.038
2024-07-17  192.541667   4.083333  11.866667   0.886228   3.877034   0.027            0.027            0.000
2024-07-18  197.458333   2.145833  13.279167   0.651168   1.825125   0.006            0.006            0.000
2024-07-19  212.000000   1.825000  12.900000   0.522530  -0.837088  -0.004            0.000           -0.004
2024-07-20  325.291667   3.187500  12.583333   1.057061  -2.958548  -0.015            0.000           -0.015
2024-07-21  270.125000   4.254167  12.750000   1.316413  -3.724245  -0.027            0.000           -0.027
2024-07-22  331.375000   5.404167  12.075000   1.310714  -5.201600  -0.042            0.000           -0.042
2024-07-23  245.291667   5.950000  11.695833   0.663406  -5.618259  -0.058            0.000           -0.058
2024-07-24  233.708333   3.675000  11.533333   0.756424  -3.385626  -0.027            0.000           -0.027
2024-07-25  229.166667   2.929167  11.854167   0.428782  -2.640844  -0.018            0.000           -0.018
2024-07-26  226.625000   7.208333  11.716667   0.862401  -7.046562  -0.088            0.000           -0.088
2024-07-27  306.583333   4.654167  11.112500   1.472129  -4.211891  -0.030            0.000           -0.030
2024-07-28  196.541667   1.516667  13.158333   0.843715   1.021201   0.003            0.003            0.000
2024-07-29  185.666667   3.445833  13.437500   0.452406   3.371006   0.022            0.022            0.000
2024-07-30  191.375000   4.404167  13.445833   0.676815   4.292908   0.030            0.030            0.000
2024-07-31  245.333333   3.491667  14.491667   0.368668  -2.941850  -0.029            0.000           -0.029
2024-08-01  229.166667   3.687500  13.095833   0.718966  -0.849238  -0.015            0.000           -0.015
2024-08-02  206.875000   3.325000  14.620833   0.823822   2.971903   0.018            0.018            0.000
2024-08-03  234.208333   3.875000  14.858333   0.669280  -3.632098  -0.028            0.000           -0.028
2024-08-04  250.458333   3.887500  13.404167   0.486303  -3.765305  -0.023            0.000           -0.023
2024-08-05  242.083333   2.941667  13.712500   0.764329  -2.748885  -0.015            0.000           -0.015
2024-08-06  207.333333   2.087500  13.425000   0.790371  -1.809989  -0.011            0.000           -0.011
2024-08-07  229.416667   4.650000  12.383333   0.657259  -4.309021  -0.037            0.000           -0.037
2024-08-08  330.750000   6.133333  11.479167   1.208484  -5.908395  -0.059            0.000           -0.059
2024-08-09  196.791667   1.191667  12.412500   0.573214   0.899664   0.002            0.002            0.000
2024-08-10  217.166667   1.379167  13.954167   0.579572  -0.044215  -0.000            0.000            0.000
2024-08-11  275.416667   3.412500  12.225000   0.694277  -3.267410  -0.018            0.000           -0.018
2024-08-12  190.083333   1.633333  12.462500   0.209210   1.068453   0.005            0.005            0.000
2024-08-13  190.833333   2.016667  14.616667   0.381231   1.385531   0.005            0.005            0.000
2024-08-14  185.291667   3.008333  13.258333  -0.132843  -2.339873  -0.013            0.000           -0.013
2024-08-15  222.833333   2.541667  14.150000   1.044898   1.046457   0.002            0.002            0.000
2024-08-16  239.916667   2.029167  14.087500   0.706144  -1.408790  -0.010            0.000           -0.010
2024-08-17  225.750000   3.345833  13.141667   0.571284  -0.999288  -0.015            0.000           -0.015
2024-08-18  164.083333   4.100000  14.825000   0.098927   3.791858   0.038            0.038            0.000
2024-08-19  145.791667   3.812500  15.183333  -0.687421   2.886713   0.021            0.021            0.000
2024-08-20  170.583333   2.379167  16.250000   0.057169   1.637758   0.008            0.008            0.000
2024-08-21  157.791667   2.195833  16.100000   0.106387   1.942386   0.010            0.010            0.000
2024-08-22  180.875000   2.291667  14.945833   0.577450   1.331133   0.006            0.006            0.000
2024-08-23  159.083333   2.675000  13.975000  -0.156704   1.559171   0.010            0.010            0.000
2024-08-24  134.000000   2.808333  13.779167  -0.588549   0.238259   0.001            0.001            0.000
2024-08-25  174.041667   3.133333  14.591667  -0.789710  -1.830843  -0.013            0.000           -0.013
2024-08-26  193.166667   3.762500  15.250000   0.220619  -3.148817  -0.025            0.000           -0.025
2024-08-27  224.958333   4.050000  15.870833   0.695783  -3.332413  -0.036            0.000           -0.036
2024-08-28  187.375000   6.058333  13.633333  -0.279079  -5.299633  -0.063            0.000           -0.063
2024-08-29  203.250000   4.616667  14.066667   0.332311  -4.319175  -0.041            0.000           -0.041
2024-08-30  232.500000   3.237500  12.316667   0.839338  -0.328281  -0.007            0.000           -0.007
2024-08-31  183.541667   2.550000  12.908333   0.600570   2.181244   0.010            0.010            0.000
2024-09-01  185.500000   3.475000  13.958333   0.532424   3.391781   0.018            0.018            0.000
2024-09-02  188.416667   4.741667  13.962500   0.761187   4.642208   0.032            0.032            0.000
2024-09-03  171.875000   3.587500  14.579167   0.070439  -1.167747  -0.018            0.000           -0.018
2024-09-04  227.375000   5.125000  14.120833   0.687888  -4.933696  -0.052            0.000           -0.052
2024-09-05  200.083333   3.170833  15.575000   0.486383  -0.456992  -0.007            0.000           -0.007
2024-09-06  181.166667   2.658333  13.554167   0.460215   2.528007   0.012            0.012            0.000
2024-09-07  202.250000   1.133333  14.925000   0.590468   0.394670   0.001            0.001            0.000
2024-09-08  218.916667   2.270833  15.050000   0.889324  -1.969286  -0.011            0.000           -0.011
2024-09-09  232.291667   5.225000  14.804167   0.370470  -4.979725  -0.046            0.000           -0.046
2024-09-10  273.083333   3.679167  13.308333   1.072627  -3.343790  -0.026            0.000           -0.026
2024-09-11  190.875000   4.866667  14.258333   0.716017   4.620284   0.040            0.040            0.000
2024-09-12  257.041667   3.487500  14.408333   2.136523  -0.283670   0.002            0.002            0.000
2024-09-13  194.500000   2.866667  12.850000  -0.103867  -2.046603  -0.011            0.000           -0.011
2024-09-14  205.000000   2.304167  13.995833   0.533905   0.056147  -0.002            0.000           -0.002
2024-09-15  180.416667   2.345833  13.408333   0.177557  -1.756798  -0.016            0.000           -0.016
2024-09-16  197.291667   5.154167  12.670833  -0.090377  -4.597753  -0.049            0.000           -0.049
2024-09-17  214.291667   4.366667  13.000000   0.668383   0.893366   0.009            0.009            0.000
2024-09-18  211.250000   3.829167  13.100000   0.518609  -0.007682   0.003            0.003            0.000
2024-09-19  266.750000   4.708333  12.920833   0.469141  -4.328910  -0.044            0.000           -0.044
2024-09-20  178.166667   4.875000  12.758333   0.097083  -4.422247  -0.041            0.000           -0.041
2024-09-21  157.166667   4.387500  11.137500  -0.285724  -3.717177  -0.032            0.000           -0.032
2024-09-22  225.166667   3.745833  11.562500   0.499354  -3.177863  -0.025            0.000           -0.025
2024-09-23  253.333333   4.050000  12.150000   0.659314  -3.681682  -0.030            0.000           -0.030
2024-09-24  310.541667   4.770833  11.641667   1.128815  -4.309699  -0.038            0.000           -0.038
2024-09-25  183.083333   3.075000  12.216667   0.906848   2.566073   0.017            0.017            0.000
2024-09-26  150.541667   2.637500  11.733333  -0.160167   1.707156   0.010            0.010            0.000
2024-09-27  208.333333   3.412500  13.075000   0.238984  -1.776308  -0.023            0.000           -0.023
2024-09-28  185.375000   2.737500  11.204167   0.716322  -1.802325  -0.021            0.000           -0.021
2024-09-29  203.750000   2.195833  10.470833  -0.068145  -1.614642  -0.008            0.000           -0.008
2024-09-30  152.916667   4.079167  11.387500  -1.109617  -3.005329  -0.022            0.000           -0.022
2024-10-01  171.666667   3.025000  13.450000  -0.737105  -2.123534  -0.010            0.000           -0.010
2024-10-02  309.916667   5.741667  11.770833   0.837278  -5.586834  -0.062            0.000           -0.062
2024-10-03  219.208333   4.287500  10.325000   0.009537  -3.767647  -0.036            0.000           -0.036
2024-10-04  156.916667   2.304167  10.300000  -0.238759   1.498286   0.010            0.010            0.000
2024-10-05  133.583333   3.645833  11.358333  -1.787087  -1.713954  -0.011            0.000           -0.011
2024-10-06  166.541667   3.075000  10.516667  -0.135339  -2.268443  -0.018            0.000           -0.018
2024-10-07  167.083333   3.504167  13.400000  -1.346114  -1.929591  -0.011            0.000           -0.011
2024-10-08  140.500000   2.129167  12.279167  -0.380902   1.486833   0.006            0.006            0.000
2024-10-09  234.500000   1.887500  11.862500   0.620040   0.154432   0.001            0.001            0.000
2024-10-10  191.041667   3.116667  10.050000  -0.845675  -2.042041  -0.011            0.000           -0.011
2024-10-11  137.291667   2.645833  11.945833  -0.316426   0.108807   0.002            0.002            0.000
2024-10-12  130.958333   3.212500  13.970833  -1.335001   0.936552   0.006            0.006            0.000
2024-10-13  173.958333   2.066667  12.437500   0.317382   0.723390   0.005            0.005            0.000
2024-10-14  174.750000   2.579167  12.266667   0.325657   2.360795   0.012            0.012            0.000
2024-10-15  188.750000   2.679167  12.604167   0.529110   2.589181   0.012            0.012            0.000
2024-10-16  153.000000   2.112500  12.216667  -0.003763   1.654674   0.007            0.007            0.000
2024-10-17  170.250000   2.779167  10.937500   0.361987   1.457548   0.007            0.007            0.000
2024-10-18  110.000000   2.625000   9.783333  -1.882874   0.514658   0.002            0.002            0.000
2024-10-19  136.708333   2.504167  14.025000  -0.977253   1.607118   0.007            0.007            0.000
2024-10-20  127.291667   3.770833  13.841667  -0.791416   2.233186   0.026            0.026            0.000
2024-10-21  189.000000   3.504167  12.283333   1.305374   2.205523   0.017            0.017            0.000
2024-10-22  165.458333   3.262500   9.912500  -1.236570  -1.235078  -0.010            0.000           -0.010
2024-10-23  128.458333   2.616667   8.841667  -0.976883  -1.150859  -0.009            0.000           -0.009
2024-10-24  126.916667   3.462500   8.691667  -2.198939  -1.125472  -0.005            0.000           -0.005
2024-10-25   99.750000   4.554167  11.608333  -2.869183   0.016106   0.006            0.006            0.000
2024-10-26  190.000000   8.295833  13.950000   1.241126   8.156644   0.120            0.120            0.000
2024-10-27  181.208333   7.716667  12.166667   1.360943   6.901335   0.082            0.082            0.000
2024-10-28  175.166667   4.091667  10.466667   0.251350   3.637716   0.027            0.027            0.000
2024-10-29  138.458333   2.470833   9.654167  -0.158426   0.213462   0.001            0.001            0.000
2024-10-30  135.500000   4.020833   9.350000  -1.488478   2.566857   0.029            0.029            0.000
2024-10-31  185.375000   5.550000   9.558333   1.018586   4.672105   0.045            0.045            0.000
2024-11-01  200.708333   9.566667  12.008333   2.761118   8.913823   0.160            0.160            0.000
2024-11-02  202.333333   3.695833  11.245833   1.528407   2.199968   0.017            0.017            0.000
2024-11-03  299.291667   5.529167  12.141667   2.887773  -2.831211  -0.025            0.000           -0.025
2024-11-04  169.708333   4.366667  10.354167   0.446882   2.062915   0.039            0.039            0.000
2024-11-05  144.291667   2.100000   9.225000  -0.243963   0.254559   0.000            0.000            0.000
2024-11-06  124.916667   3.187500   9.254167  -2.083086  -0.636910  -0.003            0.000           -0.003
2024-11-07  104.875000   3.912500  10.987500  -2.937752  -1.331153  -0.005            0.000           -0.005
2024-11-08  122.875000   2.537500  11.091667  -1.743469   0.040547  -0.000            0.000            0.000
2024-11-09  132.291667   2.204167   9.929167  -1.021764   1.215410   0.004            0.004            0.000
2024-11-10  117.291667   2.283333  11.687500  -1.503853   0.849923   0.003            0.003            0.000
2024-11-11  181.458333   7.604167  11.616667   0.905075   6.939377   0.083            0.083            0.000
2024-11-12  196.791667   8.350000  11.262500   2.303739   7.837898   0.097            0.097            0.000
2024-11-13  173.125000   8.958333  11.454167  -0.698494   8.585152   0.116            0.116            0.000
2024-11-14  207.291667   6.979167  10.804167   3.238299   5.650285   0.062            0.062            0.000
2024-11-15  133.625000   2.191667   7.070833  -0.689199  -1.122177  -0.008            0.000           -0.008
2024-11-16   99.416667   2.716667   5.254167  -2.325177   0.523548   0.002            0.002            0.000
2024-11-17  217.333333   9.154167  10.233333   4.117793   6.466953   0.124            0.124            0.000
2024-11-18  254.125000   6.950000   8.404167   5.660903  -0.164702  -0.004            0.000           -0.004
2024-11-19  147.500000   5.237500   6.816667  -2.094751   3.549111   0.026            0.026            0.000
2024-11-20  161.125000  11.425000   9.837500  -0.524024  10.561013   3.012            3.012            0.000
2024-11-21  107.083333   3.179167   8.370833  -2.706580   0.839746   0.003            0.003            0.000
2024-11-22  131.666667   8.358333  11.075000  -2.649961   5.116825   0.097            0.097            0.000
2024-11-23  126.083333   3.862500   7.987500  -0.882031   2.102776   0.019            0.019            0.000
2024-11-24  146.250000   4.608333   8.441667  -1.841510   3.997421   0.031            0.031            0.000
2024-11-25  135.500000   4.000000   9.083333  -1.651068   2.982976   0.031            0.031            0.000
2024-11-26  101.166667   2.516667   6.154167  -1.973919  -0.056100   0.000            0.000            0.000
2024-11-27  124.083333   2.829167   7.245833  -1.437134  -1.174904  -0.007            0.000           -0.007
2024-11-28   72.291667   3.379167   5.375000  -2.936457  -0.975978  -0.003            0.000           -0.003
2024-11-29   77.125000   3.750000   4.025000  -3.599327  -0.854891  -0.002            0.000           -0.002
2024-11-30   77.291667   3.704167   3.900000  -3.537989  -0.847521  -0.002            0.000           -0.002
2024-12-01   84.791667   3.600000   5.941667  -3.210843  -1.059943  -0.002            0.000           -0.002
2024-12-02  103.416667   3.291667   5.187500  -2.629674  -1.159754  -0.003            0.000           -0.003
2024-12-03   66.541667   4.762500   6.525000  -4.307227  -1.740902  -0.005            0.000           -0.005
2024-12-04   74.541667   4.450000   7.362500  -4.261738  -1.188843  -0.002            0.000           -0.002
2024-12-05   93.416667   3.787500   7.175000  -3.592776  -0.158213  -0.000            0.000            0.000
2024-12-06   88.750000   4.541667   8.987500  -4.252564  -0.401637  -0.001            0.000           -0.001
2024-12-07  158.208333   3.920833  10.804167   0.266216   2.232765   0.022            0.022            0.000
2024-12-08  231.583333   3.804167   9.837500   2.550690   1.303423   0.006            0.006            0.000
2024-12-09   93.125000   3.641667   6.262500  -2.834382  -1.361737  -0.005            0.000           -0.005
2024-12-10   82.500000   5.300000   7.233333  -5.194200  -0.676729  -0.001            0.000           -0.001
2024-12-11   89.125000   4.312500   7.045833  -4.294914  -0.085612  -0.000            0.000            0.000
2024-12-12  106.625000   3.541667   8.354167  -2.881976   0.459833   0.002            0.002            0.000
2024-12-13  125.833333   4.120833   8.200000  -2.836546   2.350895   0.014            0.014            0.000
2024-12-14  204.083333   8.758333  10.254167   2.390397   7.002450   0.112            0.112            0.000
2024-12-15  172.791667   4.725000   8.320833   1.690920   1.880684   0.009            0.009            0.000
2024-12-16  136.750000   5.245833   8.691667  -2.157324   3.538590   0.035            0.035            0.000
2024-12-17  169.041667   9.079167  10.854167   0.500600   8.432976   0.174            0.174            0.000
2024-12-18  183.750000   9.166667  11.929167   1.715956   8.550021   0.177            0.177            0.000
2024-12-19  116.833333   2.975000  11.795833  -1.600794   1.361613   0.010            0.010            0.000
2024-12-20  137.708333   4.883333  12.883333  -1.654013   2.704932   0.025            0.025            0.000
2024-12-21  143.166667   6.662500  12.133333  -1.939143   4.442286   0.055            0.055            0.000
2024-12-22  125.083333   3.925000  10.495833  -2.756527   2.157675   0.011            0.011            0.000
2024-12-23  134.250000   5.954167  10.237500  -1.079124   3.658761   0.060            0.060            0.000
2024-12-24  183.208333   5.766667  11.425000   0.782619   4.667136   0.042            0.042            0.000
2024-12-25  160.916667   5.308333   8.800000  -1.160259   4.435251   0.049            0.049            0.000
2024-12-26  206.833333  12.770833  11.229167   5.182691  10.514121   0.224            0.224            0.000
2024-12-27  167.041667   5.670833   9.933333   1.038711   4.074870   0.041            0.041            0.000
2024-12-28  202.750000  10.204167  11.066667   3.944221   9.140332   0.131            0.131            0.000
2024-12-29  173.000000   4.512500   9.133333   2.079050   0.971516   0.006            0.006            0.000
2024-12-30  201.541667   4.241667   8.450000   2.516304   1.237110   0.009            0.009            0.000
2024-12-31  101.833333   2.870833   5.395833  -2.659685   0.411606   0.001            0.001            0.000