                  wdir        m/s        degC     ucomp      vcomp  stress  positive_stress  negative_stress
time                                                                                                        
2022-01-01   98.833333   4.058333    2.316667 -3.433701  -0.486516  -0.003            0.000           -0.003
2022-01-02  133.583333   6.933333    5.654167 -1.913136   5.289701   0.110            0.110            0.000
2022-01-03  218.958333  15.220833    8.370833  7.243991  11.480733   0.439            0.439            0.000
2022-01-04  222.833333   8.670833    7.833333  5.781141   5.961598   0.056            0.056            0.000
2022-01-05  196.541667   3.875000    8.283333  1.085781   1.287177   0.018            0.018            0.000
2022-01-06  194.333333  11.708333   10.075000  2.875610  11.324847   0.197            0.197            0.000
2022-01-07  225.041667  13.004167    9.191667  5.297367   8.719348   0.258            0.258            0.000
2022-01-08  183.416667   3.175000    6.958333  1.258348   1.017867   0.004            0.004            0.000
2022-01-09  100.666667   4.408333    7.954167 -4.030308  -0.893690  -0.002            0.000           -0.002
2022-01-10   99.916667   4.316667    9.241667 -3.579801   0.602032   0.007            0.007            0.000
2022-01-11  171.916667   6.454167   11.437500  0.467890   6.253590   0.079            0.079            0.000
2022-01-12  180.375000   6.112500   11.758333  0.861318   5.998987   0.064            0.064            0.000
2022-01-13  196.291667  10.316667   10.608333  2.561699   9.722577   0.153            0.153            0.000
2022-01-14  127.500000   3.200000    8.591667 -1.132097   0.966504   0.006            0.006            0.000
2022-01-15  148.250000   3.866667    7.933333 -1.877264  -2.068296  -0.012            0.000           -0.012
2022-01-16  102.083333   3.875000    7.504167 -2.202706  -2.079354  -0.008            0.000           -0.008
2022-01-17   99.791667   3.037500    7.308333 -1.880940  -0.015090   0.002            0.002            0.000
2022-01-18  181.625000   4.008333    8.379167  0.544058   3.641426   0.026            0.026            0.000
2022-01-19  179.083333   5.445833   10.025000  0.728477   5.316272   0.052            0.052            0.000
2022-01-20  216.208333   6.475000   10.279167  2.353279   4.556837   0.046            0.046            0.000
2022-01-21  157.833333   2.508333    6.583333 -0.563540  -1.558900  -0.008            0.000           -0.008
2022-01-22   67.416667   4.487500    6.795833 -3.154143  -2.538887  -0.013            0.000           -0.013
2022-01-23   91.000000   4.787500   10.370833 -4.130592  -1.207982  -0.004            0.000           -0.004
2022-01-24  126.625000   3.554167    7.737500 -2.250944  -1.458279  -0.005            0.000           -0.005
2022-01-25   94.541667   4.775000    8.550000 -3.949252  -1.402828  -0.005            0.000           -0.005
2022-01-26   88.083333   4.900000    8.612500 -4.616288  -1.049208  -0.002            0.000           -0.002
2022-01-27   83.250000   4.350000    8.520833 -4.302898  -0.491037  -0.001            0.000           -0.001
2022-01-28  139.541667   3.445833    6.691667 -2.479478  -1.033041  -0.002            0.000           -0.002
2022-01-29  125.541667   3.829167    7.200000 -2.428374  -0.445052  -0.002            0.000           -0.002
2022-01-30  159.375000   3.670833    9.020833 -0.237872   3.266625   0.041            0.041            0.000
2022-01-31  292.041667   7.083333    7.679167  5.913496  -2.188851  -0.006            0.000           -0.006
2022-02-01  128.125000   2.216667    4.991667 -0.651689  -0.877607  -0.005            0.000           -0.005
2022-02-02  232.625000   3.575000    6.929167  1.170862  -0.262328  -0.003            0.000           -0.003
2022-02-03  197.875000   2.450000    7.395833  0.865950   1.504632   0.005            0.005            0.000
2022-02-04  149.333333   2.958333    6.758333 -0.603113   1.330753   0.013            0.013            0.000
2022-02-05  139.750000   3.858333    7.929167 -0.862526   0.809544   0.011            0.011            0.000
2022-02-06   97.416667   3.441667    8.833333 -2.307763  -1.553459  -0.006            0.000           -0.006
2022-02-07  219.791667   2.183333    8.383333  0.747569   0.248469  -0.001            0.000           -0.001
2022-02-08  129.083333   2.975000    7.495833 -1.071647  -1.961760  -0.012            0.000           -0.012
2022-02-09  171.833333   3.975000    8.483333 -0.328548  -3.244182  -0.023            0.000           -0.023
2022-02-10  169.666667   5.133333    8.420833  0.506858  -4.966279  -0.048            0.000           -0.048
2022-02-11  134.916667   5.091667    8.441667 -1.470345  -3.899150  -0.033            0.000           -0.033
2022-02-12  114.875000   5.416667   13.362500 -4.891124  -0.720832  -0.002            0.000           -0.002
2022-02-13  141.666667   4.404167   10.308333 -1.514092   1.271202   0.014            0.014            0.000
2022-02-14  235.750000   8.695833    8.504167  5.239955   4.408900   0.052            0.052            0.000
2022-02-15  199.833333   2.770833    7.262500  0.815407  -1.740321  -0.009            0.000           -0.009
2022-02-16  317.875000   5.037500    8.300000  2.394654  -4.158511  -0.027            0.000           -0.027
2022-02-17  160.416667   2.791667    6.883333 -0.455248  -1.643477  -0.009            0.000           -0.009
2022-02-18  178.666667   4.037500    6.316667 -0.495224  -3.212010  -0.026            0.000           -0.026
2022-02-19  193.041667   3.670833    6.479167  0.451609  -1.849437  -0.021            0.000           -0.021
2022-02-20  275.000000   6.650000    7.541667  4.792109  -0.970267  -0.003            0.000           -0.003
2022-02-21  302.083333   6.012500    6.333333  4.786816  -3.107652  -0.020            0.000           -0.020
2022-02-22  106.166667   4.208333    3.300000 -2.955426  -0.870565  -0.004            0.000           -0.004
2022-02-23  106.791667   3.816667    0.183333 -2.200590  -2.160153  -0.010            0.000           -0.010
2022-02-24  123.875000   3.100000    1.608333 -1.375277  -0.581458  -0.008            0.000           -0.008
2022-02-25  138.583333   3.970833    3.950000 -2.367912  -1.248473  -0.006            0.000           -0.006
2022-02-26  107.583333   4.175000    7.095833 -2.615541   1.305548   0.013            0.013            0.000
2022-02-27  185.041667   9.812500    9.162500  1.420858   9.597570   0.180            0.180            0.000
2022-02-28  192.291667  15.070833   10.983333  3.122328  14.717273   0.403            0.403            0.000
2022-03-01  192.083333  10.916667   10.312500  2.326078  10.647288   0.185            0.185            0.000
2022-03-02  187.958333   4.054167   10.004167  0.798155   3.591694   0.034            0.034            0.000
2022-03-03  267.875000   5.458333    7.758333  1.301374  -4.916751  -0.046            0.000           -0.046
2022-03-04  170.375000   4.120833    6.241667 -0.352509  -3.486396  -0.037            0.000           -0.037
2022-03-05  172.750000   6.191667    7.608333  0.148233  -5.908155  -0.064            0.000           -0.064
2022-03-06  191.916667   3.345833    7.279167  0.000534  -2.503079  -0.017            0.000           -0.017
2022-03-07  151.958333   3.133333    5.366667 -0.407578  -2.048595  -0.013            0.000           -0.013
2022-03-08  168.833333   2.754167    6.941667  0.212821   0.115019   0.002            0.002            0.000
2022-03-09  277.045455   4.136364    8.054545  2.823057  -1.088919  -0.009            0.000           -0.009
2022-03-10  147.458333   3.729167    5.112500 -2.269807  -1.261348  -0.007            0.000           -0.007
2022-03-11  159.000000   3.162500    6.058333 -0.658014  -1.085132  -0.010            0.000           -0.010
2022-03-12  159.708333   5.387500    6.570833 -0.593793   4.550786   0.089            0.089            0.000
2022-03-13  207.458333  12.770833    8.454167  5.632488  11.065369   0.221            0.221            0.000
2022-03-14  153.416667   5.237500    9.587500 -0.529772   4.457622   0.044            0.044            0.000
2022-03-15  202.958333   7.645833    9.604167  2.437710   6.930760   0.081            0.081            0.000
2022-03-16  184.541667   3.108333    8.625000  1.136685   1.637572   0.009            0.009            0.000
2022-03-17  140.791667   3.370833    6.858333 -0.484351   1.695494   0.023            0.023            0.000
2022-03-18  204.458333   5.187500    8.800000  1.436027   4.759403   0.047            0.047            0.000
2022-03-19  257.875000   6.787500    8.983333  2.712856   0.426683   0.014            0.014            0.000
2022-03-20  200.958333   3.587500    7.362500  1.398940   1.361747   0.010            0.010            0.000
2022-03-21  151.416667   5.308333    7.800000 -0.379301   4.601621   0.063            0.063            0.000
2022-03-22  170.541667   4.341667   10.245833  0.566083   1.507158   0.022            0.022            0.000
2022-03-23  247.958333   4.141667    9.995833  1.407038   0.638896   0.005            0.005            0.000
2022-03-24  117.875000   4.262500    7.687500 -0.974795  -3.290020  -0.023            0.000           -0.023
2022-03-25  184.250000   2.041667    8.391667  0.533049   0.758922   0.003            0.003            0.000
2022-03-26  179.083333   1.858333    9.683333 -0.643948   0.165750  -0.000            0.000            0.000
2022-03-27  208.875000   2.366667   10.975000  0.747594  -0.270056  -0.001            0.000           -0.001
2022-03-28  251.666667   2.637500   10.325000  1.084911  -2.046124  -0.011            0.000           -0.011
2022-03-29  207.958333   3.837500    8.591667  0.469031  -3.034366  -0.029            0.000           -0.029
2022-03-30  254.625000   4.325000    9.158333  2.743935   0.052554  -0.003            0.000           -0.003
2022-03-31  223.333333   2.962500    7.887500  1.096764  -2.226026  -0.013            0.000           -0.013
2022-04-01  171.916667   2.850000    6.825000 -0.034661  -1.663285  -0.010            0.000           -0.010
2022-04-02  224.041667   2.579167    8.308333  1.347929  -0.654099  -0.003            0.000           -0.003
2022-04-03  149.291667   4.583333    7.950000 -0.141849   2.341303   0.038            0.038            0.000
2022-04-04  216.625000  12.554167    9.970833  6.318577   9.663972   0.197            0.197            0.000
2022-04-05  283.041667   6.758333    8.825000  5.854733  -0.320946  -0.001            0.000           -0.001
2022-04-06  141.695652   4.869565    7.904348 -2.277273  -2.681469  -0.019            0.000           -0.019
2022-04-07  209.916667   4.062500   11.833333 -1.219676  -2.319194  -0.015            0.000           -0.015
2022-04-08  254.958333   4.779167   10.283333  3.541805   0.580012   0.004            0.004            0.000
2022-04-09  232.208333   5.133333    7.841667  1.988391  -3.746531  -0.029            0.000           -0.029
2022-04-10  267.250000   5.729167    7.275000  4.821765  -0.493102  -0.006            0.000           -0.006
2022-04-11  269.458333   9.741667    6.395833  4.897819  -1.568839  -0.010            0.000           -0.010
2022-04-12  278.583333   8.112500    6.908333  6.349513  -1.659848  -0.015            0.000           -0.015
2022-04-13  238.750000   6.312500    6.158333  5.171072   2.452785   0.015            0.015            0.000
2022-04-14  129.583333   2.587500    4.379167 -0.972279  -0.405341  -0.003            0.000           -0.003
2022-04-15  179.250000   3.008333    4.829167  0.017181   0.233449   0.000            0.000            0.000
2022-04-16  168.375000   4.004167    5.891667  1.081081  -1.347703  -0.011            0.000           -0.011
2022-04-17  148.458333   4.375000    6.804167 -0.493351   1.663705   0.012            0.012            0.000
2022-04-18  155.250000   4.300000    8.883333 -0.762804   2.305173   0.014            0.014            0.000
2022-04-19  155.666667   4.341667    6.587500 -0.487011   3.165692   0.024            0.024            0.000
2022-04-20  141.875000   6.033333    8.508333 -1.468244   4.409927   0.053            0.053            0.000
2022-04-21  177.208333   7.054167    9.416667  0.612609   6.595280   0.072            0.072            0.000
2022-04-22  152.875000   3.291667    9.150000 -0.928988  -0.006713   0.004            0.004            0.000
2022-04-23  191.458333   2.912500    8.329167 -0.231106  -1.913310  -0.009            0.000           -0.009
2022-04-24  186.458333   2.725000    9.200000  0.343672   0.381904   0.003            0.003            0.000
2022-04-25  220.750000   4.712500   10.666667  2.223612   3.644569   0.029            0.029            0.000
2022-04-26  263.333333   4.545833    9.829167  3.894567   1.064930   0.007            0.007            0.000
2022-04-27  182.083333   2.558333    8.925000  0.921145   0.766952   0.003            0.003            0.000
2022-04-28  166.708333   2.679167    8.404167  0.428060   0.508113   0.006            0.006            0.000
2022-04-29  146.750000   3.687500    9.025000 -0.447353   2.821362   0.022            0.022            0.000
2022-04-30  205.750000   7.045833   10.250000  2.544311   6.100916   0.064            0.064            0.000
2022-05-01  173.708333   2.141667    9.229167  0.206391  -0.440924  -0.001            0.000           -0.001
2022-05-02  251.666667   8.925000    9.629167  6.834895   2.916945   0.037            0.037            0.000
2022-05-03  276.958333   6.566667    9.404167  3.327463  -5.227392  -0.043            0.000           -0.043
2022-05-04  189.166667   3.779167    9.191667 -0.391838  -2.732280  -0.021            0.000           -0.021
2022-05-05  196.291667   5.204167    9.608333  0.843701   3.991066   0.076            0.076            0.000
2022-05-06  174.750000   7.558333   10.512500  2.127193   6.766129   0.117            0.117            0.000
2022-05-07  254.333333   9.220833   10.162500  5.923229   2.429852   0.042            0.042            0.000
2022-05-08  185.416667   6.041667    6.945833  2.023432   4.143355   0.035            0.035            0.000
2022-05-09  192.083333   4.116667    6.825000  0.940431  -0.199564  -0.002            0.000           -0.002
2022-05-10  171.666667   2.695833    7.462500  0.248121  -0.532730  -0.001            0.000           -0.001
2022-05-11  174.043478   3.926087    8.378261  0.390257   0.302555   0.008            0.008            0.000
2022-05-12  197.291667   9.195833    9.516667  1.548183   8.316138   0.127            0.127            0.000
2022-05-13  170.375000   3.804167    7.954167  0.133881  -0.082285   0.002            0.002            0.000
2022-05-14  179.083333   9.545833   11.150000  1.243891   9.066221   0.147            0.147            0.000
2022-05-15  166.666667   4.637500   12.070833  0.556998   4.376991   0.047            0.047            0.000
2022-05-16  226.500000   5.945833   10.883333  2.946352   3.163083   0.040            0.040            0.000
2022-05-17  195.125000   3.116667    8.966667 -0.040313  -2.234596  -0.011            0.000           -0.011
2022-05-18  234.250000   5.858333   10.387500  1.618016   2.701546   0.057            0.057            0.000
2022-05-19  297.166667   4.945833   10.375000  3.544164  -3.228830  -0.019            0.000           -0.019
2022-05-20  188.458333   5.112500    8.804167  0.160073  -4.283702  -0.043            0.000           -0.043
2022-05-21  199.333333   6.545833    9.337500  0.190319  -5.994430  -0.076            0.000           -0.076
2022-05-22  218.916667   5.129167    9.729167  0.846315  -4.802786  -0.047            0.000           -0.047
2022-05-23  272.625000   3.062500   10.783333  1.347754  -2.534172  -0.014            0.000           -0.014
2022-05-24  216.250000   3.554167   11.095833  0.407959  -2.752772  -0.021            0.000           -0.021
2022-05-25  238.875000   2.683333   11.412500  0.844102  -0.200814  -0.005            0.000           -0.005
2022-05-26  178.291667   3.762500   12.862500 -0.644570  -2.191627  -0.018            0.000           -0.018
2022-05-27  204.208333   3.383333   11.929167  0.852936   3.062751   0.019            0.019            0.000
2022-05-28  133.333333   3.858333   11.379167 -0.993731   2.855413   0.052            0.052            0.000
2022-05-29  294.125000   8.358333   10.466667  5.923300  -3.763340  -0.033            0.000           -0.033
2022-05-30  251.166667   3.033333   10.037500  1.988808  -0.927096  -0.004            0.000           -0.004
2022-05-31  206.913043   4.091304   10.360870  0.062978  -3.358744  -0.025            0.000           -0.025
2022-06-01  251.083333   3.129167   12.245833  1.089480  -2.527498  -0.017            0.000           -0.017
2022-06-02  202.791667   2.112500   11.845833  0.691285  -0.660838  -0.002            0.000           -0.002
2022-06-03  189.500000   5.720833   12.800000  1.065384   5.471326   0.054            0.054            0.000
2022-06-04  133.625000   3.241667   12.704167 -1.252228   2.190663   0.016            0.016            0.000
2022-06-05  197.791667   6.145833   12.779167  1.811414   5.668278   0.061            0.061            0.000
2022-06-06  271.458333   2.466667   12.120833  1.840526  -1.009721  -0.003            0.000           -0.003
2022-06-07  155.208333   4.766667   13.370833 -1.143317  -0.531881   0.004            0.004            0.000
2022-06-08  226.750000   5.100000   13.200000  1.567287   3.626669   0.036            0.036            0.000
2022-06-09  188.875000   3.179167   13.729167  0.181804   1.461141   0.019            0.019            0.000
2022-06-10  192.791667   7.645833   14.133333  1.560177   7.423225   0.087            0.087            0.000
2022-06-11  257.791667   3.937500   13.487500  1.521114   0.468472   0.003            0.003            0.000
2022-06-12  200.791667   4.604167   12.654167  1.453824  -3.934821  -0.027            0.000           -0.027
2022-06-13  282.375000   5.216667   11.716667  4.534999  -1.149262  -0.007            0.000           -0.007
2022-06-14  288.125000   4.283333   12.200000  3.113491  -1.106045  -0.008            0.000           -0.008
2022-06-15  145.083333   4.033333   12.158333 -1.259389  -1.867430  -0.017            0.000           -0.017
2022-06-16  205.333333   3.450000   12.670833  1.245206   2.525091   0.013            0.013            0.000
2022-06-17  171.000000   2.550000   12.595833  0.427319  -1.829863  -0.009            0.000           -0.009
2022-06-18  248.666667   2.566667   12.770833  1.957920  -0.704917  -0.003            0.000           -0.003
2022-06-19  262.875000   2.495833   12.270833  1.585674  -1.123305  -0.004            0.000           -0.004
2022-06-20  201.125000   4.775000   12.933333  0.816695  -4.569505  -0.034            0.000           -0.034
2022-06-21  229.916667   5.937500   12.412500  0.634237  -5.636293  -0.062            0.000           -0.062
2022-06-22  268.541667   7.425000   11.745833  1.064952  -7.213832  -0.086            0.000           -0.086
2022-06-23  199.541667   7.491667   11.341667  0.246101  -7.229281  -0.086            0.000           -0.086
2022-06-24  231.958333   6.237500   10.583333  0.549422  -5.896465  -0.072            0.000           -0.072
2022-06-25  244.250000   5.250000   13.075000  0.489506  -4.916565  -0.053            0.000           -0.053
2022-06-26  202.625000   4.212500   13.283333  0.735526  -0.159399  -0.008            0.000           -0.008
2022-06-27  195.958333   5.891667   10.900000  1.557699   5.638015   0.049            0.049            0.000
2022-06-28  191.304348   6.926087   13.095652  1.303308   6.734983   0.067            0.067            0.000
2022-06-29  226.500000   2.233333   12.970833  0.893304   0.218206  -0.002            0.000           -0.002
2022-06-30  233.583333   3.716667   12.629167  0.380617  -3.021575  -0.018            0.000           -0.018
2022-07-01  280.666667   4.920833   13.291667  0.676642  -4.796454  -0.036            0.000           -0.036
2022-07-02  307.041667   5.629167   12.804167  0.737946  -5.490095  -0.045            0.000           -0.045
2022-07-03  221.125000   1.908333   12.912500  1.039320  -0.268102  -0.001            0.000           -0.001
2022-07-04  248.458333   2.920833   13.070833  0.705045  -2.463881  -0.016            0.000           -0.016
2022-07-05  204.875000   2.804167   13.641667  0.504949  -1.996536  -0.020            0.000           -0.020
2022-07-06  190.875000   3.908333   14.045833  0.745312   3.802502   0.022            0.022            0.000
2022-07-07  190.869565   3.526087   14.360870  0.724342   3.408215   0.019            0.019            0.000
2022-07-08  180.000000   2.862500   15.054167  0.119737  -0.861512  -0.009            0.000           -0.009
2022-07-09  252.916667   3.845833   15.220833  0.957592  -3.543869  -0.026            0.000           -0.026
2022-07-10  193.583333   2.925000   14.666667  0.167746  -2.417356  -0.016            0.000           -0.016
2022-07-11  275.083333   5.729167   14.716667  0.721337  -5.468200  -0.064            0.000           -0.064
2022-07-12  352.000000  11.379167   12.412500  1.555938 -11.234342  -0.181            0.000           -0.181
2022-07-13  272.666667   4.037500   11.025000  0.834713  -3.897754  -0.030            0.000           -0.030
2022-07-14  300.739130   4.117391   10.973913  1.371850  -3.623199  -0.027            0.000           -0.027
2022-07-15  187.333333   2.112500   13.404167  0.871383   0.976643   0.003            0.003            0.000
2022-07-16  210.500000   1.437500   14.004167  0.809173  -0.497728  -0.002            0.000           -0.002
2022-07-17  269.583333   3.875000   12.766667  0.884698  -3.698770  -0.029            0.000           -0.029
2022-07-18  179.000000   5.962500   13.091667  0.177079  -5.655851  -0.063            0.000           -0.063
2022-07-19  261.875000   5.595833   11.579167  1.085430  -5.350331  -0.065            0.000           -0.065
2022-07-20  272.708333   5.537500   11.912500  1.166516  -5.320603  -0.045            0.000           -0.045
2022-07-21  220.250000   1.675000   13.358333  1.060211  -0.044515  -0.001            0.000           -0.001
2022-07-22  224.125000   1.895833   13.287500  0.762926   0.042802  -0.003            0.000           -0.003
2022-07-23  278.875000   6.787500   13.241667  0.746350  -6.677690  -0.064            0.000           -0.064
2022-07-24  290.304348   6.295652   11.613043  0.947287  -6.200360  -0.063            0.000           -0.063
2022-07-25  315.375000   6.066667   10.050000  1.470541  -5.805026  -0.064            0.000           -0.064
2022-07-26  255.666667   2.837500   11.933333  0.926995   0.042317  -0.002            0.000           -0.002
2022-07-27  195.875000   2.033333   11.966667  0.532812   0.555020   0.004            0.004            0.000
2022-07-28  264.083333   1.775000   12.258333  0.927908  -1.165162  -0.007            0.000           -0.007
2022-07-29  272.391304   4.943478   12.543478  0.948658  -4.812302  -0.041            0.000           -0.041
2022-07-30  284.500000   3.445833   12.466667  1.154179  -2.884171  -0.020            0.000           -0.020
2022-07-31  213.208333   1.708333   13.508333  0.727984   0.725064   0.003            0.003            0.000
2022-08-01  201.875000   2.554167   13.241667  0.556169   2.281485   0.009            0.009            0.000
2022-08-02  257.750000   3.554167   13.541667  0.793191  -1.949457  -0.022            0.000           -0.022
2022-08-03  249.000000   3.350000   13.187500  1.333952  -2.549726  -0.021            0.000           -0.021
2022-08-04  239.000000   2.587500   14.012500  0.981147  -1.219142  -0.012            0.000           -0.012
2022-08-05  294.041667   6.133333   12.233333  0.969121  -5.980665  -0.070            0.000           -0.070
2022-08-06  280.541667   4.504167   11.083333  0.922562  -4.273233  -0.044            0.000           -0.044
2022-08-07  200.291667   3.104167   11.575000  0.922246   0.780837   0.004            0.004            0.000
2022-08-08  185.625000   3.829167   12.491667  0.501392   3.763208   0.023            0.023            0.000
2022-08-09  190.916667   2.041667   13.729167  0.505375   1.585281   0.009            0.009            0.000
2022-08-10  191.833333   3.695833   14.658333  0.809156   3.476872   0.020            0.020            0.000
2022-08-11  180.695652   1.713043   13.991304  0.056275  -0.740651  -0.001            0.000           -0.001
2022-08-12  190.541667   2.179167   13.987500  0.729347   1.654307   0.008            0.008            0.000
2022-08-13  187.750000   2.433333   16.083333  0.155730   0.724963   0.004            0.004            0.000
2022-08-14  221.000000   3.195833   14.750000  0.424942  -2.536449  -0.014            0.000           -0.014
2022-08-15  240.125000   2.945833   14.854167  0.728179  -2.586928  -0.015            0.000           -0.015
2022-08-16  280.166667   4.616667   14.875000  0.839480  -4.419217  -0.034            0.000           -0.034
2022-08-17  263.625000   5.137500   13.537500  1.168559  -4.864329  -0.047            0.000           -0.047
2022-08-18  230.791667   2.233333   14.050000  0.968697  -0.554485  -0.006            0.000           -0.006
2022-08-19  193.458333   3.895833   14.825000  0.785116   3.719111   0.021            0.021            0.000
2022-08-20  170.541667   1.208333   16.150000  0.789566   0.156220   0.000            0.000            0.000
2022-08-21  194.041667   3.395833   15.612500  0.491555  -3.172820  -0.018            0.000           -0.018
2022-08-22  222.833333   2.500000   15.450000  0.648394   0.018985  -0.003            0.000           -0.003
2022-08-23  238.083333   4.300000   15.550000  0.783709  -3.442625  -0.038            0.000           -0.038
2022-08-24  244.916667   6.612500   14.200000  0.980229  -6.393243  -0.065            0.000           -0.065
2022-08-25  217.875000   2.266667   14.004167  0.814675  -1.336058  -0.008            0.000           -0.008
2022-08-26  229.666667   1.062500   14.104167  0.705769  -0.685182  -0.002            0.000           -0.002
2022-08-27  271.625000   3.420833   14.037500  0.798965  -3.177969  -0.021            0.000           -0.021
2022-08-28  221.708333   5.237500   13.395833  0.380989  -4.872551  -0.047            0.000           -0.047
2022-08-29  283.875000   4.533333   12.112500  0.875242  -4.254511  -0.041            0.000           -0.041
2022-08-30  231.708333   3.862500   12.533333  0.763054   1.396934   0.008            0.008            0.000
2022-08-31  185.833333   3.308333   12.966667  0.443865   3.186822   0.016            0.016            0.000
2022-09-01  190.000000   2.587500   14.012500  0.245745  -1.314749  -0.013            0.000           -0.013
2022-09-02  264.791667   4.237500   13.504167  0.803739  -3.755144  -0.027            0.000           -0.027
2022-09-03  202.916667   2.516667   14.575000  0.638156   2.182063   0.009            0.009            0.000
2022-09-04  174.625000   1.925000   14.620833 -0.443344   0.333818   0.002            0.002            0.000
2022-09-05  223.083333   4.125000   14.329167  0.263688  -3.549553  -0.038            0.000           -0.038
2022-09-06  238.916667   4.750000   12.512500  0.782995  -4.516518  -0.053            0.000           -0.053
2022-09-07  267.083333   6.912500   12.750000  0.853448  -6.560219  -0.089            0.000           -0.089
2022-09-08  235.291667   7.579167   11.562500  0.532919  -7.275614  -0.103            0.000           -0.103
2022-09-09  190.041667   4.025000  135.691667 -0.480653  -3.520447  -0.028            0.000           -0.028
2022-09-10  113.291667   6.895833  144.175000 -4.315983   1.297837   0.017            0.017            0.000
2022-09-11  189.958333   5.362500   14.491667  0.712415   5.263904   0.045            0.045            0.000
2022-09-12  160.750000   1.800000   14.887500  0.230646   1.256595   0.004            0.004            0.000
2022-09-13  158.375000   1.091667   13.504167  0.071978   0.286461   0.001            0.001            0.000
2022-09-14  163.583333   0.920833   12.950000  0.428768   0.714457   0.002            0.002            0.000
2022-09-15  186.291667   1.020833   13.087500  0.661191   0.356288   0.001            0.001            0.000
2022-09-16  237.583333   1.716667   12.587500  0.463165  -1.103310  -0.003            0.000           -0.003
2022-09-17  172.041667   2.487500   12.529167 -0.156016  -1.962623  -0.011            0.000           -0.011
2022-09-18  189.750000   2.400000   12.645833 -0.217240  -1.668165  -0.009            0.000           -0.009
2022-09-19  137.791667   2.675000   14.175000 -0.025504  -0.490232  -0.000            0.000            0.000
2022-09-20  173.375000   1.541667   13.016667  0.469994   0.755401   0.003            0.003            0.000
2022-09-21  146.333333   1.775000   13.616667 -0.078944   1.094495   0.004            0.004            0.000
2022-09-22  189.875000   4.725000   14.508333  0.724825   4.625485   0.032            0.032            0.000
2022-09-23  171.583333   3.045833   12.250000 -1.039147  -1.328060  -0.007            0.000           -0.007
2022-09-24  171.583333   4.462500   13.016667 -0.134360  -3.948340  -0.037            0.000           -0.037
2022-09-25  197.375000   4.041667   11.866667  0.752424  -3.723579  -0.034            0.000           -0.034
2022-09-26  212.833333   1.704167   13.012500  0.675673  -0.777065  -0.005            0.000           -0.005
2022-09-27  253.416667   3.370833   12.562500  0.890529   0.484109   0.006            0.006            0.000
2022-09-28  170.583333   4.883333   13.937500  0.203244   4.636125   0.045            0.045            0.000
2022-09-29  204.916667   6.816667   14.170833  1.298398   6.402204   0.089            0.089            0.000
2022-09-30  192.500000   4.175000   12.383333  0.228915  -3.764192  -0.030            0.000           -0.030
2022-10-01  154.208333   3.516667   97.954167 -1.423760  -2.292441  -0.017            0.000           -0.017
2022-10-02  193.750000   4.370833   13.920833  0.490934   3.133379   0.027            0.027            0.000
2022-10-03  185.125000   1.316667   13.079167  0.401653   0.845326   0.003            0.003            0.000
2022-10-04  171.875000   1.054167   12.758333  0.040689   0.729169   0.001            0.001            0.000
2022-10-05  194.565217   2.300000   12.921739  0.086615  -1.603873  -0.011            0.000           -0.011
2022-10-06  264.000000   3.333333   12.050000  0.722159  -3.081259  -0.019            0.000           -0.019
2022-10-07  216.833333   2.925000   12.287500  0.346907  -2.616508  -0.018            0.000           -0.018
2022-10-08  266.583333   4.100000   11.645833  0.564753  -3.885566  -0.027            0.000           -0.027
2022-10-09  184.291667   2.650000   10.429167  0.368375  -2.441273  -0.015            0.000           -0.015
2022-10-10  187.750000   2.550000   10.929167  0.297472  -2.242028  -0.011            0.000           -0.011
2022-10-11  225.375000   3.979167   11.879167  0.417791  -3.498993  -0.028            0.000           -0.028
2022-10-12  192.333333   3.525000   12.070833 -0.090770  -3.066571  -0.021            0.000           -0.021
2022-10-13  199.041667   1.950000   11.616667  0.086127  -0.952512  -0.004            0.000           -0.004
2022-10-14  210.416667   3.937500   11.129167  0.445439  -3.560722  -0.034            0.000           -0.034
2022-10-15  204.291667   3.637500   11.158333  0.259921  -0.925055  -0.006            0.000           -0.006
2022-10-16  180.416667   3.854167   12.366667  0.155836   3.799571   0.022            0.022            0.000
2022-10-17  157.791667   2.820833   15.387500 -0.708031   0.998969   0.006            0.006            0.000
2022-10-18  155.083333   2.800000   12.579167 -0.783134  -1.617024  -0.008            0.000           -0.008
2022-10-19  219.125000   3.545833   11.320833  0.564437  -3.140906  -0.025            0.000           -0.025
2022-10-20  215.583333   3.233333   10.595833  0.338757  -2.900568  -0.022            0.000           -0.022
2022-10-21  177.708333   3.454167   10.491667  0.043225  -0.432255   0.004            0.004            0.000
2022-10-22  274.291667   6.079167   11.275000  3.171352  -0.627440  -0.002            0.000           -0.002
2022-10-23  139.375000   2.308333    8.487500 -0.646906   1.395839   0.007            0.007            0.000
2022-10-24  178.125000   5.062500   10.858333  0.508090   4.464221   0.055            0.055            0.000
2022-10-25  174.500000   3.816667   10.887500  0.670041   3.502962   0.037            0.037            0.000
2022-10-26  213.375000   4.762500   11.133333  2.623618   1.847699   0.018            0.018            0.000
2022-10-27  119.916667   2.841667    9.895833 -1.844538   0.767716   0.003            0.003            0.000
2022-10-28  165.833333   3.987500   11.666667  0.469970   2.889339   0.024            0.024            0.000
2022-10-29  280.041667   3.016667   11.675000  0.732961  -1.196271  -0.002            0.000           -0.002
2022-10-30  134.833333   1.641667   10.729167 -0.444755  -0.118283  -0.001            0.000           -0.001
2022-10-31  187.625000   4.783333   12.066667  1.116973   4.361891   0.045            0.045            0.000
2022-11-01  131.375000   1.854167    9.208333 -0.185570   0.402726   0.001            0.001            0.000
2022-11-02  245.583333   4.837500    8.533333  3.502138   1.179024   0.006            0.006            0.000
2022-11-03  121.291667   3.020833    6.358333 -1.873134   1.397964   0.008            0.008            0.000
2022-11-04  186.333333  12.591667   10.304167  2.484848  12.085491   0.286            0.286            0.000
2022-11-05  266.750000   7.991667   11.695833  5.104066   1.522705   0.036            0.036            0.000
2022-11-06  172.708333   4.950000    7.545833  0.142121   2.236295   0.024            0.024            0.000
2022-11-07  132.333333   3.658333    4.804167 -1.509322   2.618456   0.018            0.018            0.000
2022-11-08  103.958333   2.937500    5.795833 -2.592735   0.077035   0.001            0.001            0.000
2022-11-09   93.500000   2.616667    6.179167 -1.529179  -0.204824   0.000            0.000            0.000
2022-11-10  120.541667   2.633333    6.225000 -2.120529  -0.140533  -0.000            0.000            0.000
2022-11-11  102.791667   2.979167    7.366667 -2.791872   0.134710   0.001            0.001            0.000
2022-11-12  130.666667   3.683333    7.729167 -2.716843   0.052167   0.001            0.001            0.000
2022-11-13   99.041667   3.245833    6.329167 -1.923194  -1.664322  -0.009            0.000           -0.009
2022-11-14  130.291667   2.733333    6.820833 -1.596958  -1.170473  -0.003            0.000           -0.003
2022-11-15   91.583333   3.495833    9.508333 -3.263090  -0.409552  -0.001            0.000           -0.001
2022-11-16   85.708333   6.183333   11.125000 -6.116068  -0.573343  -0.001            0.000           -0.001
2022-11-17   83.166667   5.766667    7.962500 -5.703691  -0.697738  -0.001            0.000           -0.001
2022-11-18   88.416667   6.566667    7.333333 -6.506805  -0.188838  -0.000            0.000            0.000
2022-11-19   83.541667   6.066667    8.108333 -6.014297  -0.582942  -0.001            0.000           -0.001
2022-11-20  100.166667   4.991667    6.795833 -4.692963  -0.334368  -0.000            0.000            0.000
2022-11-21   98.083333   2.529167    8.654167 -2.218198  -0.046845   0.000            0.000            0.000
2022-11-22  148.833333   5.100000   10.183333 -0.044126   3.465038   0.072            0.072            0.000
2022-11-23  108.500000   2.737500    9.091667 -1.428238   0.009228   0.001            0.001            0.000
2022-11-24  106.541667   5.225000    9.554167 -4.746658  -0.734686  -0.002            0.000           -0.002
2022-11-25  137.291667   3.204167    7.662500 -1.113055  -1.145066  -0.014            0.000           -0.014
2022-11-26   79.583333   3.054167    5.500000 -2.079729  -1.360411  -0.012            0.000           -0.012
2022-11-27  184.916667   4.537500    7.895833  1.383551   2.191708   0.033            0.033            0.000
2022-11-28  260.791667   5.783333    7.595833  4.294225  -1.993346  -0.017            0.000           -0.017
2022-11-29  184.125000   3.895833    5.575000 -0.109402   0.891016   0.011            0.011            0.000
2022-11-30  208.583333  11.983333    8.383333  3.909327  10.351543   0.270            0.270            0.000
2022-12-01  234.125000   6.704167    5.270833  5.234337   2.634722   0.019            0.019            0.000
2022-12-02  126.916667   3.279167    3.208333 -2.184314   1.785662   0.010            0.010            0.000
2022-12-03  111.333333   5.820833    8.283333 -4.882611   1.815165   0.012            0.012            0.000
2022-12-04   93.250000   4.716667    5.437500 -4.588683   0.178003   0.001            0.001            0.000
2022-12-05  110.791667   3.566667    5.558333 -3.224492  -0.090365   0.000            0.000            0.000
2022-12-06  104.000000   2.275000    6.137500 -1.924324  -0.292216  -0.000            0.000            0.000
2022-12-07   83.166667   2.362500    5.358333 -2.216132   0.059057   0.001            0.001            0.000
2022-12-08  145.291667   4.229167    7.079167 -1.075242   2.675485   0.024            0.024            0.000
2022-12-09  151.291667   4.162500    5.737500 -1.402172   3.286374   0.020            0.020            0.000
2022-12-10  173.916667   9.658333    8.941667 -0.857014   9.298506   0.186            0.186            0.000
2022-12-11  173.541667   2.254167    5.962500  0.208430   0.180627  -0.001            0.000           -0.001
2022-12-12  160.875000   3.208333    7.054167 -0.152236  -2.749464  -0.021            0.000           -0.021
2022-12-13   85.750000   2.716667    4.395833 -2.301043  -0.878200  -0.003            0.000           -0.003
2022-12-14  114.208333   3.037500    4.045833 -2.448752  -0.790622  -0.003            0.000           -0.003
2022-12-15   93.875000   3.716667    5.033333 -2.975331  -1.410219  -0.005            0.000           -0.005
2022-12-16   71.000000   3.387500    6.245833 -2.734165  -1.650763  -0.005            0.000           -0.005
2022-12-17   80.583333   3.016667    3.770833 -2.799847  -0.454454  -0.001            0.000           -0.001
2022-12-18  138.125000   2.079167    6.120833  0.242248   0.369627   0.002            0.002            0.000
2022-12-19  167.291667   3.020833    6.412500  0.485979  -0.513739  -0.002            0.000           -0.002
2022-12-20  157.666667   6.691667    8.179167  1.025110   5.357490   0.068            0.068            0.000
2022-12-21  106.458333   4.095833    6.108333 -0.726023  -1.380378  -0.004            0.000           -0.004
2022-12-22   81.666667   7.916667    0.716667 -7.806504  -1.149302  -0.003            0.000           -0.003
2022-12-23  125.500000   7.429167   45.466667 -3.594412   2.876524   0.039            0.039            0.000
2022-12-24  186.541667   9.454167   11.662500  1.120913   9.268715   0.133            0.133            0.000
2022-12-25  178.916667   7.141667   12.104167  1.025689   7.043077   0.079            0.079            0.000
2022-12-26  180.916667  10.525000   12.733333  0.855176  10.316478   0.187            0.187            0.000
2022-12-27  194.625000  16.037500   11.666667  5.642531  13.701266   0.430            0.430            0.000
2022-12-28  234.625000   8.108333    9.212500  6.140554   4.038388   0.032            0.032            0.000
2022-12-29  151.916667   6.733333    8.550000 -0.560193   5.740485   0.086            0.086            0.000
2022-12-30  187.291667   6.675000   10.520833  1.329674   6.152111   0.063            0.063            0.000
2022-12-31  179.750000   3.045833    8.604167  0.576183   1.958542   0.010            0.010            0.000